0.00017375
0.00017375
0.00019375
0.00019375
0.00021375
0.00023375
0.00024375
0.00025375
0.00027375
0.00027375
0.00029375
0.00030375
0.00031375
0.00032375
0.00033375
0.00033375
0.00034375
0.00034375
0.00034375
0.00035375
0.00035375
0.00035375
0.00036375
0.00037375
0.00037375
0.00037375
0.00038375
0.00038375
0.00039375
0.00039375
0.00039375
0.00040375
0.00041375
0.00039375
0.00040375
0.00040375
0.00041375
0.00041375
0.00038375
0.00037375
0.00036375
0.00036375
0.00035375
0.00035375
0.00035375
0.00037375
0.00037375
0.00039375
0.00039375
0.00041375
0.00041375
0.00041375
0.00042375
0.00043375
0.00044375
0.00045375
0.00033375
0.00034375
0.00033375
0.00031375
0.00025375
0.00024375
0.00025375
0.00025375
0.00025375
0.00026375
0.00027375
0.00027375
0.00027375
0.00027375
0.00027375
0.00027375
0.00027375
0.00028375
0.00027375
0.00029375
0.00030375
0.00031375
0.00031375
0.00033375
0.00034375
0.00035375
0.00036375
0.00032375
0.00033375
0.00034375
0.00035375
0.00035375
0.00036375
0.00037375
0.00038375
0.00039375
0.00040375
0.00041375
0.00042375
0.00043375
0.00045375
0.00045375
0.00048375
0.00051375
0.00053375
0.00055375
0.00057375
0.00057375
0.00055375
0.00057375
0.00060375
0.00063375
0.00067375
0.00040375
0.00041375
0.00041375
0.00043375
0.00045375
0.00042375
0.00043375
0.00045375
0.00047375
0.00049375
0.00051375
0.00051375
0.00052375
0.00054375
0.00041375
0.00031375
0.00035375
0.00035375
0.00025375
0.00025375
0.00025375
0.00025375
0.00025375
0.00025375
0.00026375
0.00026375
0.00025375
0.00026375
0.00026375
0.00026375
0.00027375
0.00027375
0.00027375
0.00028375
0.00029375
0.00029375
0.00030375
0.00031375
0.00031375
0.00031375
0.00031375
0.00017375
0.00017375
0.00017375
0.00018375
0.00018375
0.00018375
0.00018375
0.00019375
0.00019375
0.00019375
0.00019375
0.00019375
0.00019375
0.00021375
0.00021375
0.00021375
0.00019375
0.00019375
0.00021375
0.00023375
0.00025375
0.00027375
0.00027375
0.00029375
0.00029375
0.00030375
0.00031375
0.00031375
0.00032375
0.00033375
0.00031375
0.00032375
0.00033375
0.00034375
0.00035375
0.00036375
0.00037375
0.00037375
0.00038375
0.00039375
0.00040375
0.00040375
0.00041375
0.00041375
0.00032375
0.00033375
0.00033375
0.00034375
0.00035375
0.00035375
0.00034375
0.00017375
0.00017375
0.00018375
0.00019375
0.00019375
0.00019375
0.00019375
0.00019375
0.00021375
0.00021375
0.00021375
0.00022375
0.00019375
0.00019375
0.00019375
0.00017375
0.00017375
0.00017375
0.00017375
0.00017375
0
0
0
0
0
0
0
0
0
0
0
0
0
0
0
0
0
0
0
0
0
0
0
0
0
0
0
0
0
0
0
0
0
0
0
0
0
0
0
0
0
0
0
0
0
0
0
0
0
0
0
0
0
0
0
0
0
0
0
0
0
0
0
0
0
0
0
0
0
0
0
0
0
0
0
0

