417
158
153
557
341
293
16
283
86
519
320
643
194
156
131
236
309
411
410
225
308
472
46
3
415
489
646
337
427
453
454
315
318
525
290
189
279
215
618
56
102
662
598
566
132
334
144
460
91
232
429
413
15
136
159
111
92
289
37
353
421
282
552
305
44
296
596
85
544
104
265
420
184
402
459
210
285
608
281
492
311
466
174
96
8
458
355
254
615
360
645
127
110
526
167
372
637
247
106
477
441
164
610
245
476
76
593
414
382
212
263
380
13
83
255
394
73
432
564
407
367
529
488
484
216
361
527
243
433
419
540
34
438
50
211
425
600
378
129
384
2
180
112
599
445
230
288
152
253
157
533
534
93
271
376
-1
161
631
53
80
369
443
357
126
391
539
523
224
220
614
307
35
373
181
321
206
556
258
246
9
186
24
651
228
503
654
94
579
125
260
124
577
223
626
553
606
502
208
658
625
585
294
638
386
312
623
238
549
467
447
123
201
650
641
448
19
21
545
269
528
55
117
58
392
339
633
162
182
235
572
141
191
306
559
151
604
61
587
51
272
412
603
213
567
185
187
97
390
464
324
537
7
329
79
32
196
422
636
343
195
648
267
406
635
346
569
344
483
517
474
588
565
119
487
139
234
103
325
81
108
393
550
336
398
629
522
576
221
423
507
499
314
508
249
352
535
143
179
27
101
149
304
437
501
570
77
368
54
400
365
68
39
57
177
64
75
354
431
10
536
370
197
214
72
42
190
481
6
349
74
451
541
351
538
26
240
560
277
274
388
327
231
617
1
457
115
649
562
371
513
486
607
509
428
628
548
642
401
347
624
30
169
49
385
160
531
40
512
581
170
482
47
239
250
100
38
418
500
661
613
4
299
656
284
630
71
383
219
45
554
332
652
479
89
592
444
155
362
506
647
198
594
98
590
520
463
561
63
403
578
399
242
87
660
171
256
218
226
597
303
469
248
137
209
595
310
147
313
278
280
555
241
122
518
470
14
350
43
297
17
205
222
335
490
65
252
25
31
175
135
62
640
510
331
456
292
609
172
323
605
584
18
573
142
109
558
202
653
659
295
397
589
478
146
165
48
113
580
396
416
358
328
20
374
434
273
60
345
359
583
644
114
543
377
251
188
266
426
340
268
192
524
326
130
582
601
120
286
515
52
616
95
405
70
204
409
33
404
442
575
69
138
22
23
134
207
199
107
264
298
516
227
11
363
128
612
168
521
166
178
547
342
611
330
99
121
366
59
317
497
462
67
475
375
657
655
514
356
446
498
302
389
591
622
586
408
28
468
436
379
496
602
495
88
217
571
300
452
145
627
387
154
435
229
140
116
364
5
133
471
480
262
439
148
632
270
78
176
620
563
348
291
36
473
12
66
257
621
233
338
530
150
424
491
90
450
619
546
322
574
82
493
29
173
261
319
259
455
275
551
465
381
183
440
494
568
395
449
200
203
41
532
244
504
287
316
333
461
237
634
276
301
118
193
105
485
505
542
511
163
639
430
84

