553
157
570
55
627
391
174
74
226
251
380
525
531
286
229
571
346
69
519
124
637
577
536
308
172
354
515
608
245
99
564
496
44
237
305
277
582
339
434
464
493
8
16
258
359
417
248
619
641
139
399
413
158
618
401
481
546
100
61
379
92
445
117
430
54
222
495
301
485
173
335
560
411
326
238
220
40
161
475
66
244
587
595
512
288
247
454
562
378
653
56
410
348
655
125
555
284
135
170
94
575
360
84
321
616
120
317
296
123
649
30
176
292
90
604
11
517
409
107
259
41
221
185
405
141
403
463
548
435
283
98
255
126
153
520
58
298
64
483
332
105
50
444
471
528
440
654
549
115
209
387
459
200
569
181
462
488
465
32
522
580
542
272
76
593
101
119
385
333
355
458
241
257
625
584
529
121
223
285
60
275
612
368
460
20
534
609
202
37
171
261
661
47
279
623
441
187
432
456
318
342
129
130
338
210
310
213
219
184
473
477
395
468
437
204
497
320
472
48
461
521
249
278
469
590
476
491
205
140
116
266
389
620
408
302
180
392
498
150
381
586
312
420
85
6
636
-1
73
63
290
602
591
347
89
502
199
97
53
349
68
14
506
65
511
327
390
448
455
500
657
446
81
645
357
428
93
490
324
331
51
439
138
268
510
574
382
262
624
412
273
486
479
599
372
240
43
376
152
505
300
188
660
18
482
605
556
276
499
33
218
487
607
24
568
400
478
72
343
128
52
633
254
169
155
95
260
606
233
325
315
23
635
195
559
629
1
600
246
263
579
162
207
388
211
83
201
352
407
423
252
264
34
217
179
656
334
588
282
518
271
484
594
572
208
614
597
49
345
163
227
630
539
178
558
443
451
29
212
427
231
561
36
644
375
86
70
42
601
235
363
622
358
419
351
67
309
38
492
631
425
146
303
228
544
287
662
75
563
453
578
433
196
598
59
530
533
133
87
118
291
31
583
289
371
554
648
552
373
524
239
4
177
108
145
538
603
438
166
134
10
77
203
509
367
62
646
149
19
316
232
474
383
144
17
28
613
507
27
109
406
452
573
422
632
154
281
617
610
82
336
132
215
136
3
626
147
79
113
57
356
526
658
480
585
274
206
127
516
7
304
236
103
565
165
322
46
369
527
9
313
189
183
21
167
537
110
22
192
112
104
234
198
508
2
421
651
131
114
431
436
78
377
374
299
449
394
523
566
328
652
297
416
494
280
102
182
265
341
567
442
513
393
642
175
576
12
225
250
293
514
39
151
541
557
467
535
621
330
106
611
402
307
396
370
426
643
35
13
470
137
366
503
447
543
647
361
344
186
160
639
91
243
592
159
148
504
466
551
337
88
550
224
634
26
450
168
659
628
319
545
15
242
424
365
589
111
501
214
638
581
414
353
311
194
96
532
404
364
457
650
122
615
415
45
230
540
323
398
190
143
489
294
329
197
314
80
164
25
71
193
429
5
640
596
362
216
267
256
269
295
547
350
253
306
340
384
191
386
270
397
418
156
142

