0.00017375
0.00018375
0.00019375
0.00020375
0.00021375
0.00023375
0.00023375
0.00024375
0.00025375
0.00025375
0.00025375
0.00028375
0.00031375
0.00033375
0.00035375
0.00038375
0.00040375
0.00043375
0.00045375
0.00047375
0.00050375
0.00053375
0.00057375
0.00060375
0.00063375
0.00068375
0.00073375
0.00079375
0.00086375
0.00093375
0.00100375
0.00110375
0.00117375
0.00086375
0.00092375
0.00099375
0.00114375
0.00117375
0.00034375
0.00037375
0.00039375
0.00042375
0.00044375
0.00047375
0.00051375
0.00053375
0.00057375
0.00061375
0.00066375
0.00070375
0.00074375
0.00079375
0.00088375
0.00094375
0.00104375
0.00117375
0.00117375
0.00117375
0.00117375
0.00117375
0.00117375
0.00021375
0.00021375
0.00023375
0.00023375
0.00024375
0.00025375
0.00025375
0.00026375
0.00023375
0.00025375
0.00026375
0.00027375
0.00029375
0.00029375
0.00031375
0.00032375
0.00034375
0.00036375
0.00038375
0.00039375
0.00042375
0.00031375
0.00032375
0.00033375
0.00034375
0.00036375
0.00027375
0.00027375
0.00029375
0.00018375
0.00019375
0.00020375
0.00021375
0.00021375
0.00023375
0.00023375
0.00025375
0.00025375
0.00027375
0.00027375
0.00029375
0.00031375
0.00032375
0.00034375
0.00036375
0.00039375
0.00042375
0.00046375
0.00050375
0.00054375
0.00045375
0.00049375
0.00052375
0.00056375
0.00060375
0.00026375
0.00027375
0.00027375
0.00029375
0.00031375
0.00033375
0.00035375
0.00037375
0.00029375
0.00030375
0.00031375
0.00033375
0.00034375
0.00017375
0.00017375
0.00019375
0.00019375
0.00019375
0.00019375
0.00020375
0.00021375
0.00021375
0.00021375
0.00021375
0.00022375
0.00023375
0.00023375
0.00021375
0.00021375
0.00021375
0.00017375
0.00019375
0.00020375
0.00021375
0.00023375
0.00023375
0.00025375
0.00025375
0.00027375
0.00029375
0.00030375
0.00031375
0.00033375
0.00035375
0.00037375
0.00040375
0.00043375
0.00045375
0.00048375
0.00051375
0.00054375
0.00057375
0.00061375
0.00064375
0.00069375
0.00072375
0.00080375
0.00087375
0.00095375
0.00092375
0.00096375
0.00100375
0.00029375
0.00021375
0.00024375
0.00025375
0.00035375
0.00036375
0.00037375
0.00039375
0.00043375
0.00045375
0.00047375
0.00049375
0.00052375
0.00054375
0.00050375
0.00053375
0.00059375
0.00065375
0.00072375
0.00048375
0.00054375
0.00060375
0.00067375
0.00076375
0.00088375
0.00104375
0.00117375
0.00117375
0.00117375
0.00117375
0.00117375
0.00117375
0.00117375
0.00117375
0.00117375
0.00117375
0.00117375
0.00117375
0.00117375
0.00117375
0.00117375
0.00117375
0.00117375
0.00117375
0.00117375
0.00117375
0.00117375
0.00117375
0.00117375
0.00117375
0.00046375
0.00050375
0.00053375
0.00057375
0.00062375
0.00066375
0.00069375
0.00074375
0.00066375
0.00070375
0.00077375
0.00083375
0.00089375
0.00096375
0.00102375
0.00117375
0.00117375
0.00117375
0.00117375
0.00117375
0.00117375
0.00117375
0.00117375
0.00117375
0.00117375
0.00017375
0.00019375
0.00021375
0.00023375
0.00023375
0.00025375
0.00027375
0.00029375
0.00029375
0.00031375
0.00032375
0.00033375
0.00035375
0.00037375
0.00040375
0.00042375
0.00044375
0.00046375
0.00047375
0.00050375
0.00053375
0.00054375
0.00056375
0.00060375
0.00063375
0.00066375
0.00071375
0.00076375
0.00081375
0.00085375
0.00090375
0.00076375
0.00094375
0.00107375
0.00117375
0.00117375
0.00117375
0.00117375
0.00117375
0.00117375
0.00117375
0.00117375
0.00117375
0.00117375
0.00117375
0.00117375
0.00117375
0.00117375
0.00117375
0.00117375
0.00117375
0.00117375
0.00117375
0.00055375
0.00056375
0.00052375
0.00041375
0.00035375
0.00033375
0.00029375
0.00023375
0.00023375
0.00023375
0.00025375
0.00026375
0.00029375
0.00032375
0.00035375
0.00039375
0.00043375
0.00049375
0.00054375
0.00059375
0.00065375
0.00073375
0.00080375
0.00088375
0.00099375
0.00111375
0.00117375
0.00117375
0.00117375
0.00117375
0.00117375
0.00117375
0.00117375
0.00117375
0.00117375
0.00117375
0.00117375
0.00117375
0.00117375
0.00117375
0.00117375
0.00117375
0.00117375
0.00117375
0.00117375
0.00117375
0.00117375
0.00117375
0.00117375
0.00117375
0.00117375
0.00117375
0.00117375
0.00100375
0.00116375
0.00117375
0.00117375
0.00117375
0.00117375
0.00117375
0.00117375
0.00117375
0.00022375
0.00017375
0.00018375
0.00019375
0.00021375
0.00021375
0.00023375
0.00024375
0.00026375
0.00027375
0.00028375
0.00031375
0.00033375
0.00036375
0.00039375
0.00043375
0.00049375
0.00054375
0.00057375
0.00060375
0.00063375
0.00066375
0.00071375
0.00074375
0.00080375
0.00085375
0.00092375
0.00103375
0.00117375
0.00117375
0.00117375
0.00117375
0.00117375
0.00117375
0.00117375
0.00117375
0.00117375
0.00117375
0.00117375
0.00117375
0.00117375
0.00117375
0.00117375
0.00117375
0.00117375
0.00117375
0.00117375
0.00117375
0.00117375
0.00117375
0.00117375
0.00117375
0.00117375
0.00117375
0.00117375
0.00117375
0.00117375
0.00117375
0.00117375
0.00117375
0.00117375
0.00117375
0.00117375
0.00117375
0.00117375
0.00117375
0.00117375
0.00117375
0.00117375
0.00117375
0.00117375
0.00117375
0.00117375
0.00117375
0.00117375
0.00117375
0.00117375
0.00117375
0.00117375
0.00117375
0.00117375
0.00117375
0.00117375
0.00117375
0.00117375
0.00117375
0.00117375
0.00117375
0.00117375
0.00117375
0.00117375
0.00117375
0.00117375
0.00117375
0.00117375
0.00117375
0.00117375
0.00117375
0.00117375
0.00117375
0.00117375
0.00117375
0.00117375
0.00117375
0.00117375
0.00117375
0.00117375
0.00117375
0.00117375
0.00117375
0.00117375
0.00117375
0.00117375
0.00117375
0.00117375
0.00117375
0.00085375
0.00093375
0.00101375
0.00061375
0.00064375
0.00067375
0.00070375
0.00072375
0.00083375
0.00094375
0.00109375
0.00117375
0.00117375
0.00117375
0.00053375
0.00055375
0.00057375
0
0
0
0
0
0
0
0
0
0
0
0
0
0
0
0
0
0
0
0
0
0
0
0
0
0
0
0
0
0
0
0
0
0
0
0
0
0
0
0
0
0
0
0
0
0
0
0
0
0
0
0
0
0
0
0
0
0
0
0
0
0
0
0
0
0
0
0
0
0
0
0
0
0
0
0
0
0
0
0
0
0
0
0
0
0
0
0
0
0
0
0
0
0
0
0
0
0
0
0
0
0
0
0
0
0
0
0
0
0
0
0
0
0
0
0
0
0
0
0
0
0
0
0
0
0
0
0
0
0
0

