0.0002975
0.0003075
0.0003275
0.0003475
0.0003575
0.0004075
0.0004275
0.0004275
0.0004475
0.0004575
0.0004475
0.0005175
0.0005875
0.0006475
0.0006975
0.0007675
0.0008375
0.0008975
0.0009775
0.0010575
0.0011775
0.0012875
0.0012875
0.0012875
0.0012875
0.0012875
0.0012875
0.0012875
0.0012875
0.0012875
0.0012875
0.0012875
0.0012875
0.0012875
0.0012875
0.0012875
0.0012875
0.0012875
0.0006475
0.0007175
0.0007875
0.0008775
0.0009575
0.0010675
0.0012175
0.0012875
0.0012875
0.0012875
0.0012875
0.0012875
0.0012875
0.0012875
0.0012875
0.0012875
0.0012875
0.0012875
0.0012875
0.0012875
0.0012875
0.0012875
0.0012875
0.0003575
0.0003775
0.0004075
0.0004275
0.0004475
0.0004675
0.0004875
0.0005075
0.0004275
0.0004575
0.0004975
0.0005375
0.0005875
0.0006275
0.0006675
0.0007375
0.0008175
0.0009375
0.0010775
0.0012275
0.0012875
0.0006675
0.0007175
0.0007775
0.0008475
0.0009475
0.0005275
0.0005575
0.0006075
0.0003075
0.0003275
0.0003475
0.0003675
0.0003775
0.0004075
0.0004275
0.0004575
0.0004875
0.0005075
0.0005475
0.0005875
0.0006475
0.0007075
0.0007975
0.0009275
0.0011075
0.0012875
0.0012875
0.0012875
0.0012875
0.0012875
0.0012875
0.0012875
0.0012875
0.0012875
0.0005075
0.0005275
0.0005475
0.0006075
0.0006875
0.0007775
0.0008875
0.0010375
0.0005975
0.0006375
0.0006875
0.0007675
0.0008275
0.0002875
0.0003075
0.0003275
0.0003275
0.0003475
0.0003475
0.0003575
0.0003675
0.0003675
0.0003875
0.0004075
0.0004275
0.0004475
0.0004675
0.0003675
0.0003875
0.0003975
0.0003075
0.0003275
0.0003475
0.0003675
0.0004075
0.0004075
0.0004375
0.0004575
0.0004875
0.0005275
0.0005575
0.0005875
0.0006275
0.0006775
0.0007275
0.0008175
0.0009275
0.0010175
0.0011275
0.0012675
0.0012875
0.0012875
0.0012875
0.0012875
0.0012875
0.0012875
0.0012875
0.0012875
0.0012875
0.0012875
0.0012875
0.0012875
0.0005475
0.0003675
0.0004275
0.0004475
0.0006675
0.0006875
0.0007275
0.0007775
0.0008775
0.0009375
0.0009975
0.0011175
0.0012175
0.0012875
0.0011375
0.0012875
0.0012875
0.0012875
0.0012875
0.0010275
0.0012375
0.0012875
0.0012875
0.0012875
0.0012875
0.0012875
0.0012875
0.0012875
0.0012875
0.0012875
0.0012875
0.0012875
0.0012875
0.0012875
0.0012875
0.0012875
0.0012875
0.0012875
0.0012875
0.0012875
0.0012875
0.0012875
0.0012875
0.0012875
0.0012875
0.0012875
0.0012875
0.0012875
0.0012875
0.0012875
0.0009675
0.0011075
0.0012275
0.0012875
0.0012875
0.0012875
0.0012875
0.0012875
0.0012875
0.0012875
0.0012875
0.0012875
0.0012875
0.0012875
0.0012875
0.0012875
0.0012875
0.0012875
0.0012875
0.0012875
0.0012875
0.0012875
0.0012875
0.0012875
0.0012875
0.0002975
0.0003275
0.0003675
0.0003975
0.0004275
0.0004475
0.0004875
0.0005275
0.0005575
0.0005875
0.0006275
0.0006675
0.0007175
0.0007675
0.0008475
0.0009075
0.0009675
0.0010175
0.0010775
0.0011575
0.0012775
0.0012875
0.0012875
0.0012875
0.0012875
0.0012875
0.0012875
0.0012875
0.0012875
0.0012875
0.0012875
0.0012875
0.0012875
0.0012875
0.0012875
0.0012875
0.0012875
0.0012875
0.0012875
0.0012875
0.0012875
0.0012875
0.0012875
0.0012875
0.0012875
0.0012875
0.0012875
0.0012875
0.0012875
0.0012875
0.0012875
0.0012875
0.0012875
0.0012875
0.0012875
0.0012475
0.0008975
0.0007075
0.0006475
0.0005475
0.0003875
0.0004075
0.0004275
0.0004475
0.0004775
0.0005275
0.0006175
0.0007175
0.0008275
0.0009375
0.0011175
0.0012875
0.0012875
0.0012875
0.0012875
0.0012875
0.0012875
0.0012875
0.0012875
0.0012875
0.0012875
0.0012875
0.0012875
0.0012875
0.0012875
0.0012875
0.0012875
0.0012875
0.0012875
0.0012875
0.0012875
0.0012875
0.0012875
0.0012875
0.0012875
0.0012875
0.0012875
0.0012875
0.0012875
0.0012875
0.0012875
0.0012875
0.0012875
0.0012875
0.0012875
0.0012875
0.0012875
0.0012875
0.0012875
0.0012875
0.0012875
0.0012875
0.0012875
0.0012875
0.0012875
0.0003875
0.0002875
0.0003075
0.0003275
0.0003475
0.0003875
0.0004075
0.0004275
0.0004675
0.0005075
0.0005075
0.0005675
0.0006175
0.0006975
0.0007875
0.0008675
0.0010275
0.0011575
0.0012375
0.0012875
0.0012875
0.0012875
0.0012875
0.0012875
0.0012875
0.0012875
0.0012875
0.0012875
0.0012875
0.0012875
0.0012875
0.0012875
0.0012875
0.0012875
0.0012875
0.0012875
0.0012875
0.0012875
0.0012875
0.0012875
0.0012875
0.0012875
0.0012875
0.0012875
0.0012875
0.0012875
0.0012875
0.0012875
0.0012875
0.0012875
0.0012875
0.0012875
0.0012875
0.0012875
0.0012875
0.0012875
0.0012875
0.0012875
0.0012875
0.0012875
0.0012875
0.0012875
0.0012875
0.0012875
0.0012875
0.0012875
0.0012875
0.0012875
0.0012875
0.0012875
0.0012875
0.0012875
0.0012875
0.0012875
0.0012875
0.0012875
0.0012875
0.0012875
0.0012875
0.0012875
0.0012875
0.0012875
0.0012875
0.0012875
0.0012875
0.0012875
0.0012875
0.0012875
0.0012875
0.0012875
0.0012875
0.0012875
0.0012875
0.0012875
0.0012875
0.0012875
0.0012875
0.0012875
0.0012875
0.0012875
0.0012875
0.0012875
0.0012875
0.0012875
0.0012875
0.0012875
0.0012875
0.0012875
0.0012875
0.0012875
0.0012875
0.0012875
0.0012875
0.0012875
0.0012875
0.0012875
0.0012875
0.0012875
0.0012875
0.0012875
0.0012875
0.0012875
0.0012875
0.0012875
0.0012875
0.0012875
0.0012875
0.0012875
0.0012875
0.0012875
0.0011475
0.0012175
0.0012875
0
0
0
0
0
0
0
0
0
0
0
0
0
0
0
0
0
0
0
0
0
0
0
0
0
0
0
0
0
0
0
0
0
0
0
0
0
0
0
0
0
0
0
0
0
0
0
0
0
0
0
0
0
0
0
0
0
0
0
0
0
0
0
0
0
0
0
0
0
0
0
0
0
0
0
0
0
0
0
0
0
0
0
0
0
0
0
0
0
0
0
0
0
0
0
0
0
0
0
0
0
0
0
0
0
0
0
0
0
0
0
0
0
0
0
0
0
0
0
0
0
0
0
0
0
0
0
0
0
0
0

