356
66
585
364
801
414
210
765
97
965
854
192
758
872
715
805
140
706
880
495
784
40
908
13
384
188
419
556
153
372
476
873
190
311
862
931
992
979
437
859
392
163
376
506
102
123
14
793
478
96
494
980
33
330
673
148
997
901
799
8
498
839
956
707
599
691
294
502
352
450
540
517
670
806
132
748
986
627
827
508
278
380
417
762
489
946
535
128
967
917
362
454
56
945
536
624
694
983
197
203
777
619
602
964
558
104
534
53
692
265
180
108
186
152
849
310
205
838
27
208
740
135
209
770
271
76
802
303
608
313
342
338
764
782
207
987
951
447
445
31
675
24
879
17
513
850
521
316
616
81
719
48
145
401
628
653
810
139
361
615
335
288
904
275
952
161
642
569
230
926
206
544
896
121
28
276
241
950
116
592
174
930
118
70
922
665
4
347
137
768
124
588
610
295
142
159
631
232
529
890
671
184
547
397
341
883
398
643
744
234
533
501
146
94
853
705
404
202
877
678
322
900
755
903
832
308
888
798
907
151
909
966
973
894
204
767
870
759
633
826
788
160
718
251
43
548
61
291
430
178
689
676
348
925
32
138
796
422
258
595
36
886
899
696
277
225
177
418
457
891
359
804
320
433
699
248
283
698
10
933
566
211
560
639
928
998
353
528
779
243
549
816
490
574
448
443
68
297
439
594
552
355
170
591
942
532
314
337
649
828
843
263
742
172
794
974
597
682
64
406
473
214
553
6
302
668
93
697
54
963
175
511
119
405
386
431
679
686
814
488
761
830
709
914
264
953
559
688
637
38
109
728
743
916
949
379
505
847
171
477
318
324
95
999
658
21
236
554
531
407
413
760
228
606
47
512
958
546
865
187
299
829
726
835
745
861
662
162
640
268
333
273
725
500
193
92
867
590
813
593
571
173
334
646
307
911
541
88
1000
869
262
415
25
753
868
199
700
577
461
567
346
156
586
771
910
127
37
750
717
655
213
261
217
221
913
587
772
245
131
492
350
456
51
349
543
724
67
522
385
198
712
238
609
425
632
1
480
154
256
270
326
351
220
797
459
434
237
626
841
601
939
736
600
844
582
996
317
26
120
22
947
274
254
253
774
19
12
638
702
57
855
499
496
621
766
373
366
312
515
399
98
960
526
752
650
9
287
266
315
563
800
479
921
905
652
630
739
663
575
90
149
91
915
416
731
550
936
378
948
803
78
636
374
369
729
394
545
75
568
875
557
789
537
990
579
747
524
971
920
18
393
391
651
166
255
370
846
126
780
60
912
201
453
509
1001
507
756
711
219
542
107
769
807
465
815
458
15
460
383
176
327
5
897
497
644
584
487
961
929
244
811
52
215
168
246
481
339
99
503
84
475
282
227
442
468
978
290
281
683
787
991
757
818
452
331
538
887
441
648
44
493
666
280
981
659
321
229
185
259
218
808
260
969
681
866
216
325
710
365
823
817
286
110
809
564
885
421
851
613
328
42
343
223
583
708
723
122
332
703
71
611
360
144
976
242
737
103
519
614
741
252
882
181
408
641
674
298
603
937
932
714
629
239
491
87
892
400
822
3
995
561
446
831
612
695
722
669
426
72
680
65
735
919
115
195
570
296
664
530
106
367
86
581
58
523
45
660
858
344
472
125
604
895
105
927
403
113
516
898
685
572
257
79
656
539
82
713
672
677
235
988
165
357
918
721
463
938
690
840
820
977
970
129
881
289
834
427
746
293
984
80
785
363
424
420
693
440
143
41
470
874
29
943
824
387
645
518
62
375
196
20
730
989
464
617
863
982
354
292
935
778
985
622
941
727
402
786
130
923
751
607
555
701
647
573
667
428
371
968
994
972
738
194
842
565
657
136
368
247
525
871
580
74
285
101
959
520
306
833
250
825
884
462
158
224
358
527
889
164
783
112
790
578
975
319
483
924
893
438
183
704
451
340
134
345
466
34
73
836
444
864
596
618
775
336
167
576
732
954
635
157
485
716
856
389
474
89
395
661
300
412
233
432
191
63
279
484
436
50
625
301
150
486
133
589
267
39
16
100
957
155
212
455
200
240
623
169
114
749
902
734
409
59
504
49
77
792
860
-1
35
7
117
514
773
222
435
598
329
482
377
471
776
396
720
821
46
69
179
781
226
429
189
620
269
878
2
510
934
962
819
687
30
795
733
23
272
55
449
304
993
323
837
955
812
111
11
845
944
390
634
147
309
605
423
249
141
231
906
763
754
381
848
562
382
305
388
791
852
410
467
654
857
876
551
182
85
83
411
940
684
469
284

