869
544
128
486
931
183
479
603
447
187
981
46
267
442
136
913
18
782
618
162
391
62
335
240
280
613
214
610
700
828
527
658
428
149
385
630
191
232
786
88
451
97
730
502
159
76
671
13
712
798
666
989
830
174
316
68
585
694
303
860
455
275
698
738
920
811
703
48
790
877
826
819
963
411
115
896
154
180
582
504
538
692
365
389
944
884
800
338
432
92
392
416
925
556
695
31
807
921
746
17
306
900
784
56
370
259
396
999
72
422
942
667
283
653
690
481
517
196
197
512
318
469
420
436
322
332
279
716
721
597
708
661
309
751
484
336
485
713
73
697
461
949
788
377
709
74
85
892
719
825
742
310
883
212
175
402
588
938
617
189
457
311
272
594
754
718
228
576
886
861
472
466
635
864
130
714
274
10
962
-1
111
95
91
438
910
665
894
525
135
759
302
147
80
557
528
862
104
21
765
99
773
494
589
678
936
689
756
994
674
123
727
687
975
301
540
662
647
142
740
573
491
500
439
794
148
78
663
572
360
209
406
772
937
140
150
743
650
578
623
413
625
735
369
724
906
563
363
66
569
230
763
699
211
454
621
284
998
28
850
729
914
840
418
755
537
50
450
329
89
227
736
918
37
917
988
84
859
441
605
723
109
519
757
194
96
956
384
668
256
235
144
393
734
430
916
480
353
976
915
477
36
960
296
845
186
951
3
908
373
399
875
246
313
932
839
319
654
126
304
151
533
616
639
382
152
400
245
53
803
631
853
992
506
889
427
783
410
732
898
865
514
315
928
903
490
664
75
522
675
247
598
344
693
380
945
952
815
32
269
110
844
669
682
672
375
545
44
321
609
646
79
350
636
848
55
607
974
858
568
131
733
941
929
624
178
106
64
356
549
192
707
127
542
634
531
102
468
750
501
419
536
58
744
954
643
222
421
459
345
822
434
961
587
737
1000
114
851
685
323
137
888
873
266
655
905
802
806
660
145
907
201
132
648
179
440
882
437
562
838
980
741
834
870
564
793
362
760
622
731
6
268
164
220
814
314
911
398
374
320
251
203
16
720
118
308
264
769
262
935
94
977
225
29
342
478
351
226
717
606
579
218
27
42
927
767
166
614
684
52
273
59
467
866
638
955
41
764
233
425
922
125
604
101
204
508
482
200
431
326
206
933
81
586
973
234
117
518
160
492
651
947
107
223
244
120
202
171
87
67
640
789
417
795
995
726
885
415
361
193
780
11
181
460
829
357
239
157
854
250
487
71
559
526
231
797
893
567
258
15
462
82
473
70
779
926
880
51
808
796
386
286
277
555
254
812
35
167
33
397
291
170
677
158
909
354
503
300
768
57
752
637
984
688
100
199
172
535
652
583
656
571
143
566
452
347
950
680
702
14
105
791
25
395
852
513
287
855
497
985
184
12
657
629
748
424
155
276
221
401
163
195
516
749
857
238
305
1
90
776
747
1001
971
871
433
333
448
507
334
20
453
341
379
4
683
970
443
979
352
777
523
458
378
493
818
177
505
847
842
823
706
810
939
499
673
923
253
252
608
465
804
599
560
753
43
414
644
412
863
63
257
659
219
297
54
371
619
990
331
359
596
381
464
711
208
210
554
281
141
775
874
676
821
511
546
993
153
521
435
116
242
207
346
966
837
710
139
367
895
241
224
620
912
891
881
722
967
705
991
670
543
833
510
134
843
832
182
339
325
47
958
312
704
129
260
290
39
307
255
997
483
261
188
835
805
824
739
23
249
641
551
61
278
34
295
836
953
553
592
946
948
575
263
285
169
943
761
758
872
887
524
40
577
574
715
965
879
570
626
841
133
539
470
403
471
213
294
899
376
831
45
728
766
919
809
112
83
612
550
691
270
983
429
930
787
317
496
628
69
867
488
348
165
98
696
817
119
959
489
299
366
65
679
745
561
602
364
216
474
445
972
615
19
9
770
785
856
282
26
5
161
978
987
801
509
792
2
868
934
298
475
816
122
964
349
515
476
293
627
7
355
38
642
324
24
876
520
292
940
108
649
774
248
849
686
878
205
8
265
113
423
611
532
534
901
548
327
426
121
405
124
60
394
387
547
593
529
407
601
190
404
103
368
446
645
49
198
217
358
890
173
340
449
986
146
330
846
530
372
93
390
86
558
799
827
288
725
168
778
771
456
581
924
383
409
591
289
968
681
820
969
498
463
633
552
541
271
343
590
185
996
565
584
600
156
957
595
495
77
243
902
388
897
444
176
229
138
762
22
237
982
904
701
215
408
236
580
328
337
813
30
781
632

