3210
2219
3926
3814
2113
5587
1842
24
5119
5058
5432
3852
4616
5732
5167
5998
587
4611
5615
5717
277
1227
5740
4608
691
1197
591
3129
4957
1652
1373
3697
4925
4159
1512
4709
1590
1426
4543
5448
4783
4203
1274
4903
2315
101
5310
4133
4198
5051
1445
3245
1913
300
5318
4992
547
5171
31
1960
2173
2454
3978
5148
1679
2370
873
4255
5340
3684
5686
1087
2610
3781
3533
4260
2350
4729
2598
472
5098
4412
3015
1668
5857
974
3849
1076
341
3771
228
4467
2055
2156
2285
3506
3284
3938
1642
267
1011
1614
182
4635
889
4256
2625
4989
3451
1957
402
5381
1031
3503
4386
2330
984
3158
4589
1618
2134
2255
1166
4121
837
5905
4600
1384
1536
2125
4008
2896
4392
592
2457
3811
2865
1221
2073
3949
4092
1790
4908
803
258
3547
4510
821
1540
1495
733
4817
2415
3871
3979
2574
465
3096
5192
3112
2170
5969
137
3839
1861
4682
5062
2266
4276
1585
1145
4788
953
709
665
1407
2506
5614
3019
5335
2536
1734
4979
1416
178
382
3513
4755
5361
5951
5300
3904
324
1624
10
5898
4899
4761
4645
3271
500
4582
2177
4322
5355
2139
816
1752
1476
866
3731
980
2502
2901
3056
2794
4564
2900
1738
1105
2477
2272
852
5572
254
913
437
5374
3827
308
3402
406
2389
5911
618
910
5950
1719
2557
151
83
2727
605
4444
3343
4162
2730
4160
678
2355
205
694
5444
4417
842
3716
1588
4220
5050
1188
667
1256
2094
791
4772
4866
5109
5689
1602
1858
5582
5671
5010
4346
3886
4516
4876
3114
1215
2533
3923
2504
1743
4158
138
938
5875
3514
4436
2063
1662
1201
2235
992
1688
4183
343
3367
5651
5791
2086
651
2986
1102
550
4894
2098
2842
2404
4211
5739
4493
868
163
1482
5763
47
5101
5486
4337
2814
3729
4185
2123
1380
3183
3041
1063
2352
3389
3685
5847
4692
3159
283
4491
2795
3977
1413
5203
4281
4677
566
134
2947
5816
4122
447
1578
4514
5271
5805
3396
4984
3549
2971
1792
4917
2821
2867
471
5409
3965
5181
155
4601
1320
4643
2888
3720
755
4097
1258
1427
5235
2579
4258
2787
5663
1391
2303
2656
5767
5989
1442
4954
3109
2599
597
1039
2572
5008
2556
3615
1490
5147
1926
3380
456
2003
1786
2869
5931
1036
4998
200
1863
1663
5609
1485
5800
390
1156
909
1793
2386
967
5961
3030
986
2962
2039
4929
1522
1005
1933
5234
1401
5497
5136
1833
5659
5413
2275
445
3031
3749
3136
3001
2406
2746
201
4494
2137
1157
281
988
4667
3379
4037
5159
4704
2392
2674
5728
297
2784
1437
3951
1305
1864
5557
1877
2617
3101
5030
1012
3866
2
2853
5629
2587
2408
2446
4340
3279
4538
4402
4116
2891
786
4936
167
1807
5277
2511
3017
959
6003
1273
1722
1788
972
4865
3522
2087
5856
4307
1218
4389
3546
1154
3318
4841
3738
1896
4724
340
1572
1638
1496
1228
436
5099
4678
669
5574
4095
1162
2381
860
4208
749
3150
5824
1849
1733
615
5714
826
5182
5994
5664
5081
713
3342
4293
5973
4986
475
876
5891
356
4596
2861
5319
4167
2645
1882
317
1804
4737
470
575
239
4164
5266
4099
4640
2846
1866
1943
3433
2763
4555
4898
1686
3563
477
5150
553
599
5645
14
1910
3594
1396
1893
3717
4077
1648
2133
1999
2450
2705
3290
4112
1359
489
4108
5166
3586
5329
700
5517
1354
3870
5600
2840
5417
1236
4605
1471
2672
4100
4266
2062
3305
2232
4679
2667
3051
1832
5702
3639
4091
1216
1505
5133
376
516
1350
2886
5349
1199
2396
187
5321
1902
5382
5143
4288
5320
3123
3912
3932
5773
2452
4659
5637
1078
4825
943
2371
4197
2606
2213
4591
5903
2711
4232
2639
4469
3780
2487
3444
937
4824
983
190
5254
3173
4304
923
857
2897
5354
2657
5288
3821
693
3682
5627
3769
2638
4395
2649
4041
4169
4338
3877
1472
4950
3488
5553
5662
2227
1181
5370
1466
2423
2841
2669
5127
4035
486
2951
3394
1299
3523
2560
1828
4143
3611
3152
108
2801
4649
5876
57
801
1244
2918
2595
542
4348
5264
320
5887
2974
3143
1768
5608
238
195
91
3438
360
1212
314
797
1074
5248
658
218
683
234
5496
2131
2296
175
5397
4706
4535
878
4310
4676
5945
5872
4148
3115
1641
2510
1538
966
3930
5333
3151
4689
4241
4764
2115
5378
2205
1715
2816
1450
5503
1888
778
1292
764
1465
2635
4131
2029
5341
3829
1235
3755
5380
1834
4388
289
4593
2416
106
3512
4034
5753
3186
1629
367
2884
5450
4547
3363
3625
4870
2032
940
1376
3653
5507
4370
3206
3156
309
288
3227
3658
5595
2538
1421
3608
4329
2441
690
4343
3690
4626
5212
1613
1740
2104
3678
2883
2684
1402
4721
1372
2458
4631
1286
4358
2482
5684
1845
729
627
851
4947
5586
296
235
1352
1963
5299
1309
4633
74
1880
1104
4480
5154
4452
5823
67
1560
1931
2908
1918
1983
1342
4861
4707
3941
1502
473
4499
3872
4250
2612
3991
1187
4331
357
2963
673
311
1051
3399
1022
4085
5094
5459
4966
1047
3616
2469
5762
4218
830
5188
120
5562
4566
3822
4670
2049
593
1925
1570
4309
788
2820
440
4850
956
2790
4828
372
3252
76
5837
5640
2844
5447
3778
1659
397
4911
3916
5902
1526
3256
4812
2563
608
5438
1477
147
1099
4732
5108
4026
2463
3069
5463
5368
4083
4722
4147
3598
3289
3884
1897
971
3383
4741
2279
1195
4658
2583
2833
3042
4592
5920
785
5296
4130
4179
973
2701
1826
441
2295
3918
2716
5528
1565
4113
1353
4474
4786
461
3070
2724
2967
2351
2623
59
1504
2417
4590
2221
2318
3037
5620
5346
5146
685
1382
226
3687
1090
3247
5369
2345
1491
1831
5075
5132
2159
3407
1736
4153
3545
3277
2421
1695
1217
1346
4088
1714
335
2398
3348
2858
613
3261
2484
2403
5962
5424
2239
746
2850
883
1643
4450
4794
573
4190
3274
5168
4243
1337
5807
1414
1135
2306
1492
2164
1226
4482
1222
5249
3835
1053
509
4326
4744
5632
4314
333
179
3896
1923
2566
3945
2432
5276
1582
1483
5760
3799
3009
4552
3086
1368
1469
4774
3229
3446
3352
2751
4157
4502
1377
4545
3003
2348
724
3387
4154
5653
2103
20
2347
3776
722
2149
2208
894
6008
11
5231
1035
210
5239
3711
2291
22
4719
2679
1478
355
558
4572
4443
1791
1184
3998
2362
880
3846
5910
3966
3819
1718
3369
3940
4524
5543
4267
3641
2422
1900
2954
3540
5179
4453
2461
2488
1680
3441
1242
581
9
1980
148
3960
2036
4662
5153
1169
5209
5505
3337
5465
1507
6009
812
3140
1753
2615
2839
4644
2224
3344
4666
2980
2456
3928
930
5854
5328
5228
2654
4225
3970
2394
3770
5991
1389
5537
1576
2760
2539
769
3887
3479
4927
1006
370
1291
1358
888
5979
45
652
5715
5793
5163
4344
3456
562
747
5884
2757
5974
1929
2108
4734
2492
4271
3417
835
577
495
5011
503
6010
5946
2485
4785
4475
1150
5187
2028
1463
1418
3189
4801
1251
4093
3570
5820
4747
1179
3580
5748
5644
1951
1919
877
89
2619
5303
1747
4661
5636
5803
5088
1133
2382
4900
5727
428
5796
1042
2994
37
4390
2281
5258
1763
4294
3740
975
282
4505
1530
5631
2157
3081
1671
3010
2525
3120
3555
1997
742
4315
1839
4702
3722
925
1056
326
4272
96
1767
4496
1262
4660
2613
1603
354
4714
3867
1650
5506
4428
1345
3612
3794
4816
112
63
4481
2620
3385
3975
5225
2542
3153
2299
2692
1049
3243
4871
3137
2530
5419
1684
3029
540
2930
2166
1296
4268
5948
3207
3292
1655
3535
897
1846
5639
4363
92
3184
4760
1529
3435
2194
2233
4809
5864
3004
1125
4355
1370
638
4615
692
2785
4002
3167
517
90
1313
1946
8
782
2982
4014
3723
1947
1523
207
5677
1204
4738
4560
2002
1841
3335
1851
316
1137
3964
546
4763
1255
3478
306
2744
4209
1810
2163
4236
4427
2756
4955
3537
918
4463
2121
5921
2182
2368
689
2431
4284
3395
4425
2212
2379
511
2777
4855
2376
535
5513
2215
2200
979
4290
2468
3405
4970
5550
4997
2810
5164
5144
2526
1422
3043
5958
723
3313
3526
1567
3486
2892
952
2838
5446
2943
5331
1001
4081
1825
75
5700
2142
3264
342
4134
4181
2793
1048
5766
4862
1558
5772
2401
1651
5220
1696
5375
2824
1815
4279
856
427
4765
122
2056
4830
3864
3707
3452
3727
2519
4149
2201
3108
2015
5386
3068
1432
438
684
4756
3643
2472
5023
4604
1976
4135
174
5350
2496
1488
1326
3226
861
572
5795
5589
4951
1455
4874
3504
5194
2952
2089
5647
4508
3103
3785
903
2618
4455
657
2935
730
4976
954
4647
5680
1065
3657
2100
1878
5601
4529
2581
5464
5069
5343
4230
3047
2001
1207
488
1093
2518
3269
2467
4401
1248
5425
5922
4229
152
4170
3592
1397
4797
2626
21
1172
3280
698
2786
3075
5883
3169
1676
2044
5125
5442
321
301
3992
1008
476
4039
1843
3128
4201
5755
507
5118
4406
4324
1673
543
1232
4308
2023
3076
4485
2151
4413
2707
963
5195
2693
4606
2080
1306
2775
4697
2548
5157
4086
3144
1803
3579
140
3742
4460
5703
2976
855
703
610
3386
5817
2828
3023
1276
5396
1625
3696
4758
4264
3715
5457
1408
171
3365
2152
1459
2473
2818
183
5737
5657
4461
291
474
1776
117
2578
86
3146
4120
3862
433
3589
4378
2228
5243
3531
3645
271
4994
5709
5521
606
4168
298
3585
521
3743
3815
3599
2297
3584
2229
2503
3909
5750
3784
2766
3860
4860
1447
1177
1956
1924
5993
631
5241
5941
5621
4920
4105
2258
2344
2993
5063
4525
3314
1158
2365
726
3255
544
3986
393
2597
2010
5311
3760
2878
1594
375
3204
3346
46
4717
839
699
2544
4519
4263
556
1539
2337
1725
704
781
4048
5327
19
5259
3550
3967
5253
4940
881
3895
5428
1007
5719
4578
4790
5001
1609
3826
2455
5107
2317
332
2700
5904
590
1030
275
1852
1890
3409
2216
2675
4973
795
2983
4222
1971
820
1654
5476
2540
4245
3702
1045
1937
5411
1966
2088
4024
1553
304
512
2209
2360
1303
711
204
810
4075
819
443
5138
4731
62
3575
1721
1023
961
4792
4356
1081
5736
4351
2217
1026
353
686
4420
5830
4802
5850
838
4962
3439
5475
688
1138
4419
2332
1728
2106
3295
5968
2859
5297
3959
3388
4144
3063
1591
1185
2899
66
2686
2799
3483
1907
2079
2584
4207
4766
4286
2547
1556
5509
453
5004
3039
4674
4432
2479
4193
2605
3766
1784
625
962
1516
932
3447
5268
5178
2873
5617
408
674
5682
2933
676
493
3791
3528
1853
3670
5323
1070
4380
3058
1310
349
5849
1647
4540
2090
3837
5493
4031
5811
3155
2589
3973
426
18
4872
4653
5828
4781
28
2959
4846
305
1374
150
2366
3084
1623
681
2782
3543
1399
3637
817
3162
3287
454
2847
2903
387
430
2718
1586
2338
363
1818
2769
2655
4069
896
4468
3560
3859
3303
1453
93
5741
5972
5383
3309
2413
1702
4489
483
5591
2627
2881
3636
4528
4926
1780
752
3578
2923
5538
4400
2427
1744
3190
4612
1799
4036
193
4442
2128
1448
4204
3906
4195
84
4762
5779
3060
4216
1854
3836
823
1860
3366
3093
1544
5173
414
718
1192
1777
602
4325
5366
299
1263
5638
4418
3997
2031
2116
2470
3649
26
2065
1481
3750
3413
1366
2866
5861
3753
4796
5242
3808
123
467
5199
3666
257
2187
5612
5317
4594
2466
1321
231
2486
449
4044
1061
5533
5076
2779
3534
2558
5971
969
960
822
233
1170
3726
1547
601
2083
4890
4849
79
1144
2059
939
4071
3786
3888
2012
5745
4546
869
4810
245
538
5453
1356
3539
5584
5351
668
1317
1575
1284
5526
2710
2223
103
1755
1537
5978
2322
1379
644
4880
2190
1859
2960
5675
1569
4945
628
5357
5047
5251
3157
5338
1542
2670
4059
1874
1876
5853
1764
4394
4891
1699
1921
5365
4779
5322
5292
4038
4967
2353
895
3062
3496
5461
5291
4006
5916
3982
5407
1171
5669
4212
1489
965
2680
1191
177
2554
5035
3732
3618
2697
3672
1757
5576
4981
874
1592
4515
5834
3131
1120
997
570
949
3336
1550
2282
3520
379
1814
1685
3499
6002
4518
5712
2251
1316
3595
2095
5456
2694
1361
4194
2004
1789
825
664
4043
1952
2741
191
2202
922
1930
391
3246
1174
513
2742
5957
712
4867
442
1640
3224
3572
5488
3281
2107
55
982
3524
702
4531
4818
3421
4579
1827
4119
3868
4632
2537
5970
2509
111
4448
1279
845
3834
2395
5749
3934
2555
4634
4052
2203
1805
2058
1044
5835
5290
3408
4881
4371
2996
5676
2336
721
2647
2293
5607
3816
1548
4767
2802
1737
3191
3419
5568
998
1809
294
2331
214
3053
5402
1770
1086
5895
2271
266
1917
1041
17
3098
1514
4869
2797
4808
3582
4317
1991
5009
571
481
887
5293
4892
3403
2512
5229
3020
2823
3952
3617
3765
3049
4735
310
5345
5865
2743
125
2575
5527
619
5899
3176
1116
2117
2642
3148
2249
5542
2155
5102
136
4814
4366
4730
2019
968
497
3984
3296
754
466
34
1994
3893
5914
3373
290
395
4934
4287
1474
5761
2273
642
4382
2226
4237
3556
737
5797
2856
1525
5930
173
4060
2609
446
4050
1717
3457
1259
5314
1339
5387
3817
796
1398
731
5764
3238
3734
2171
1672
3327
641
636
2018
5515
5995
1935
2522
3199
2514
2494
1667
653
4557
2505
4215
2997
5511
2513
3236
3455
5541
2520
3903
3040
3492
1176
5443
5416
790
4280
5495
1639
1271
3163
4840
3270
3568
4065
1751
3258
1113
1620
3830
1194
4172
5596
5597
1914
3307
5410
3066
604
3693
3353
1974
4895
787
4393
1691
1294
5525
2008
3364
5197
2979
107
1141
5484
5776
3741
4377
2419
1069
2975
4192
3798
5170
4261
3824
4151
2020
4010
3024
2848
1885
3012
5907
4820
5034
3838
2567
2034
934
3437
756
4053
6006
2038
5547
4226
5579
1470
2377
1879
5559
1094
1019
4342
4248
4398
831
5532
4718
1549
4028
2737
901
1423
1451
2922
422
5802
1546
526
1940
4313
491
3397
5316
4123
3142
4614
2577
336
2246
5038
3240
5848
6001
5082
72
920
263
656
3610
4943
3775
4364
2985
2874
948
2713
1243
1762
3320
1531
3704
1300
941
5418
1430
630
3460
5480
1992
1097
1282
4421
772
2497
5988
1534
3228
3491
2178
1021
5939
3092
5070
2320
2237
5129
3980
3993
371
1066
5744
3544
3106
4507
4757
3988
4873
2052
4831
5860
331
215
2066
1694
3576
2451
5467
4664
626
5933
1606
3358
-1
1901
3548
5460
78
3420
583
2995
4641
4882
5534
748
4414
2868
999
3542
3139
2070
5983
1665
5502
329
1808
1781
4369
804
5598
3894
1085
5041
5024
1092
5966
3260
1766
4379
919
3484
3976
3629
2725
4361
4063
2984
5104
1394
5967
3686
2061
929
2852
1439
4457
1270
197
2804
5422
5908
3706
4244
2259
1887
5113
1103
5880
3440
3400
5441
1046
4196
696
94
2939
4173
3391
5307
659
3519
1438
1457
4551
4479
1708
2685
2913
4554
3286
2397
5524
5794
135
765
2601
3516
1254
2210
2261
5792
1689
1906
100
2245
285
1829
1501
853
3035
5037
1967
4567
5080
252
928
4691
3876
4061
622
5325
1393
2148
5804
3996
5174
3265
1760
1037
2290
1362
3527
1607
679
4968
1816
813
3077
1486
5469
836
996
4842
1112
128
1200
212
2837
2942
126
3147
3311
3802
5214
1934
1395
149
4629
5304
5079
4174
1750
3006
3875
141
2950
1148
5371
767
4437
244
5500
4902
995
2936
1690
4569
3601
2629
1229
5244
1596
154
2739
220
3768
4434
904
3217
480
5781
2920
5674
2646
759
3724
3078
2110
5360
5309
2568
4990
848
1908
482
4438
4234
5810
412
1122
5882
4946
1072
2535
3820
2783
4972
2287
2112
1533
4409
1033
1965
2241
5992
4598
5634
4441
4963
958
5066
2278
4652
1159
3857
3418
3055
1280
3665
672
1277
1604
1452
5976
827
863
4285
2240
2924
4750
5256
1794
3825
3087
2339
3301
2378
4318
2054
1783
5280
1775
5490
4349
2354
287
1520
1981
3676
5352
931
567
1420
4742
4964
4040
849
1062
286
4142
4887
3856
4301
3559
854
5054
4231
2524
4227
4959
1205
5520
4259
4446
2826
262
2050
4103
3746
3443
4977
1107
2414
145
2292
4253
3889
5116
1812
5086
4932
5013
2860
4922
2532
377
132
1327
1634
551
4863
5585
5844
5141
5085
4456
2803
2078
4003
1724
4139
2541
3622
1351
2728
3958
1595
3508
1583
5423
3607
2180
284
5885
3680
3747
3132
1415
2478
2989
5433
3057
1973
2594
3398
2596
3211
5334
2893
5002
3705
4834
3609
5312
1527
1189
1551
2105
5909
1675
4067
42
1073
4938
2621
386
5213
361
249
3677
2127
3116
87
166
4532
115
2300
5530
1645
2120
3410
5687
3931
4883
2199
1773
5893
3325
3961
1052
3602
3201
1014
5016
1726
3059
2771
2690
3073
3232
5470
1245
4768
4672
4114
1165
4627
5529
4960
3638
259
525
5913
5851
3990
1117
5871
345
2126
2068
71
5975
2977
4985
2047
725
5499
202
260
4303
3929
3071
1632
4274
555
3205
2270
3553
2808
380
3661
3953
3917
5809
1164
1130
4843
4017
2999
5790
5313
5787
1977
3404
5130
4488
5074
4935
4045
5692
1563
2021
734
4924
4431
5191
5216
639
2789
3014
2910
3790
2981
2114
3804
2244
3507
1266
3470
3574
2042
5866
1378
4617
5822
431
1493
3454
4373
3763
4782
5481
1032
4942
5000
1961
40
405
1774
2280
2957
3858
5512
1759
1568
172
4004
2057
2313
5390
5770
3126
1499
1677
3956
2677
3107
3445
5786
1554
2551
864
738
3898
5275
2145
1962
1383
809
347
3085
2033
3927
4302
5858
2564
2600
4090
1152
3198
114
1984
2048
2247
4941
1811
1692
3038
1517
1909
1664
325
5694
4576
2761
1927
50
5372
5103
2706
2704
5625
2453
4013
1193
1723
2464
133
5819
3974
2428
5660
3052
1238
1000
2102
4415
3914
3072
2948
5100
5420
209
519
3095
4367
3813
2067
4879
2523
1697
1405
2688
3881
1942
3225
160
1580
4923
832
3467
620
2447
3171
1412
4079
4087
5048
2604
4789
278
2806
1941
5033
4723
5977
293
2877
5815
1891
4336
2735
1820
2490
4771
2822
1349
3897
1801
4811
751
4188
1782
4161
1381
4320
1944
5672
3181
5090
1824
4884
4252
5273
3541
4558
3995
4919
1433
3735
3473
2411
2660
1543
1355
2678
2384
5052
4915
5404
777
2243
5619
824
4328
2274
3921
2014
5555
4306
1027
5421
4062
5155
1735
29
2165
2732
4423
3302
3188
5398
1713
3935
1627
3197
1660
4607
5344
5435
1183
3288
4571
450
1400
2075
885
1338
4784
1955
2750
3074
3955
1024
318
3679
2035
4297
2321
2831
2462
3619
719
5120
5152
4365
2043
2681
5029
5768
1922
3630
3850
2576
4430
1110
2109
1895
3937
2060
1002
5201
5648
5918
2673
3936
4405
2387
2082
4132
4527
2671
2634
1367
5265
4503
5681
403
2363
1498
3347
2372
2051
4107
4522
2181
2796
5879
916
2005
3758
514
243
4424
3725
168
640
468
1330
5678
2734
3165
1118
2013
3209
2144
5934
1875
2928
2650
1528
3187
4064
850
5189
750
5917
3712
2448
5224
834
274
5384
3736
5162
4012
5578
13
4146
1964
1796
843
5434
2752
3987
4057
5982
715
4084
523
588
2263
4805
5337
1293
3664
3018
557
4333
621
4688
1101
5986
5531
4748
3332
5691
2253
2698
4145
1995
1344
502
1173
1315
537
3378
5083
989
2747
4991
4270
1932
4896
3351
576
1886
3080
3651
977
5452
1968
3538
4859
230
506
2534
2346
3110
2459
4918
2632
3359
2319
3013
893
3
5177
505
612
3668
2069
2207
407
779
5870
170
4628
3180
4242
5554
1124
5539
142
2755
578
5017
660
1250
5943
3557
1298
2307
498
634
3624
924
5661
2197
3475
1425
4426
1617
1143
5250
3874
3683
4904
2516
3192
663
3459
4202
780
1050
4345
603
1406
1388
5180
5508
4778
2099
1082
3518
1225
1436
2328
2185
5230
3863
3561
5347
4620
4055
4217
4094
5359
3647
2843
4404
4001
242
1742
926
3495
241
530
5332
359
5489
2927
2916
3694
2546
1411
5940
3832
5122
3787
2990
417
4078
4588
3969
2817
2907
3733
5012
4573
1761
5485
4711
3376
2914
3968
5545
5855
2720
38
186
452
552
2220
3384
5262
4759
3469
802
2652
4690
1911
4136
2093
1409
5473
5445
5852
2373
1741
6000
3122
5072
3164
1067
5089
4018
1795
3362
3891
409
808
4725
4200
1249
2607
1581
4109
4969
1758
1633
1213
3844
4089
1730
2342
1115
2250
3779
2592
119
4798
4654
2122
3842
1600
5238
964
312
1331
4433
5478
3756
1720
1252
2637
2383
5139
4126
1392
595
4476
2400
3185
4152
4138
632
761
5560
3510
5785
6005
3233
5039
5813
3721
3125
2314
633
105
2964
504
1698
1959
2854
5726
4536
1872
269
1844
211
2081
421
2929
5165
1727
5777
4893
5877
3783
3283
16
2286
2238
5061
2895
2475
3221
176
3202
4124
2405
4292
1678
5498
1837
3476
1473
292
2659
882
5926
4553
3632
48
648
5093
5782
4975
3833
3266
2493
2749
1835
5306
5044
5633
3119
4019
3423
1340
4275
3671
2268
3577
435
3315
5429
1336
424
993
1318
1084
789
5392
3762
3606
5393
4439
5605
2772
3569
4584
2662
5955
2586
1996
2889
2644
2944
2871
439
2729
5603
3757
4999
3195
4656
5742
2521
4708
4347
1010
1210
1756
3525
4878
2356
3947
131
3655
15
5924
4854
5801
1462
398
1806
763
4506
4129
3390
768
1939
4385
3124
2420
5160
2172
4858
3449
5504
3430
2904
4533
2682
265
1681
5696
3759
4184
4806
4520
5110
3901
2955
1311
5571
5091
4501
2017
564
3635
3939
2593
5720
3392
35
4996
5095
4621
1098
3248
68
2385
161
4523
771
687
4897
5665
2000
4642
1147
4931
5901
4978
5646
4933
942
3414
1468
64
2440
3885
479
5747
4376
2958
598
3203
352
2819
3865
4815
280
4072
1985
3761
2715
4023
4180
5106
4851
339
5281
524
541
5056
2501
3000
5949
5628
3954
2325
4671
3350
4813
4462
5731
1077
5193
4178
5358
2835
2206
2399
5878
1653
5240
1635
4354
3688
5158
5269
3278
3239
1237
3943
1798
5222
2855
2091
4381
862
4804
206
2788
3989
2096
5202
2661
1621
508
1868
217
705
3223
5247
3848
5725
236
4541
4773
727
4822
4233
121
5925
3854
1731
1460
2176
1009
3341
5655
536
4299
840
5685
3591
4447
1214
4471
5026
3453
5565
1589
1593
5123
3334
1167
1982
574
237
180
1123
1121
4700
2500
5458
3011
5618
5455
1301
3007
5169
4983
4219
1428
4568
4751
1057
4910
5284
2154
3161
3713
1559
5501
5263
1710
1817
5594
30
5546
3604
1484
1160
3088
1211
5984
2998
4749
3605
3034
5274
2349
2146
5673
5831
3259
2969
2072
1319
5754
4352
3237
2773
1325
1134
3027
350
3448
5548
5706
5818
219
3613
4182
4277
2608
2288
5996
770
413
5137
5825
5963
3983
5172
3878
5635
3674
5364
3656
1475
5479
104
2433
392
3293
4680
3299
5226
4375
4357
3773
917
2864
5812
3879
1128
5575
1729
3803
2726
858
951
5175
3426
4025
4445
3200
2531
5799
2009
2132
5915
4769
4930
884
3501
455
5406
1329
4603
6011
3752
799
23
2857
5394
2335
5746
3745
3718
1487
5412
2561
399
5183
3593
1524
906
401
5906
4228
899
4051
531
2553
978
5806
4283
4570
462
5518
144
2805
469
4868
3810
1126
216
4368
4800
1454
4032
3571
921
4492
594
196
388
2585
3840
5567
4166
5196
1819
4
1508
3689
1096
338
5112
3500
4020
5492
3231
3795
4068
2410
4466
5688
1785
5084
4610
1562
3375
366
5577
5223
5896
1390
4888
5549
4864
1281
2961
1998
4987
1285
3141
1912
4852
4128
322
891
153
2136
3442
662
2429
3118
4332
1610
1289
3754
1431
4449
4339
3910
936
2030
4323
806
487
1987
1855
1260
5890
3806
1208
1153
3521
4787
313
1323
3581
4574
1219
3663
3922
2938
1630
563
5588
4745
1506
3588
3028
1936
4853
1198
5057
4504
5599
1561
5156
4104
1670
1290
545
2931
3719
1231
4944
3138
5838
2550
4803
907
534
3276
5049
3361
970
3797
773
2664
2768
5206
3751
3212
3627
2712
4513
2764
3048
378
4407
3659
2329
3102
4030
4221
2084
976
2738
3869
3268
2412
110
5305
3411
736
1287
3304
2653
4029
5752
5947
5326
3573
1892
1288
328
3714
3942
3564
3357
4125
1769
464
3127
2966
2815
1765
2097
102
3963
4269
4694
5897
1978
4847
4877
4681
3149
2949
4953
2449
1873
2925
3626
3669
3175
947
3843
2143
410
3133
2357
3022
5474
5769
232
4526
5252
1903
4387
5336
5775
3880
1612
4362
4646
3744
4838
1190
3297
5472
3900
3650
5563
2333
5999
423
2092
3016
4435
5873
3464
5765
5889
1711
1109
3424
2911
5237
5468
1821
2305
1989
4483
5124
1224
315
4484
859
5610
2242
2231
5053
400
4583
5477
273
1371
4150
1622
2436
3450
381
4909
1142
2798
2444
4698
5210
4497
4465
1419
4470
5923
70
4111
3465
3323
3828
1364
458
3054
3170
5845
181
4712
5018
1071
2302
841
3222
404
5403
5115
5981
3046
4743
2759
4102
2956
3911
1241
478
5111
5176
247
5613
4952
80
565
1272
5888
492
1304
1822
4705
4613
2528
4429
5042
1644
4046
5257
2304
5295
3597
1461
735
5270
3748
1865
1435
2588
146
3490
2443
2695
2780
3654
649
2158
783
279
1800
2862
5695
2027
5184
2919
677
914
4009
2507
554
2622
3855
5604
65
188
2234
5363
828
5751
2754
637
2480
2256
1749
2762
3317
3244
1986
3250
1557
1779
1532
4115
5721
3789
4673
3177
1521
5569
1856
5491
1928
139
1748
2941
890
4049
5570
4713
2388
3079
2934
4422
5626
5833
3428
1500
73
2076
1881
1657
5874
2591
4791
3275
2863
5788
4980
2260
1328
2628
2552
5092
3253
2425
1838
3130
4500
4701
4360
2204
213
3160
2124
4066
670
1064
4247
3631
760
3861
5289
2460
2257
2026
911
2390
3583
1636
944
7
4971
695
4240
2722
2602
5077
527
2040
4408
815
4539
2252
4565
4580
1267
3431
1509
4118
2887
5642
2218
2631
3709
2890
2471
3944
5105
1424
4770
814
4117
5683
4374
5151
4353
5523
4291
3025
250
3566
3603
4657
4901
2978
5867
935
4982
5006
1674
1253
2880
1403
4458
418
5814
365
4916
4685
1497
5087
1261
5611
4663
4235
56
4577
4585
4312
221
5114
5064
5843
3554
708
2813
1712
5356
1441
118
4498
1265
5935
2906
3812
3999
165
2580
798
1332
5131
2630
3793
1515
2879
3117
1348
4595
2343
5666
2691
3111
2917
1884
5221
1513
5451
2774
1889
1661
3892
4695
2515
3331
1958
1899
805
3065
2262
2483
5590
5282
88
2153
2733
3807
358
792
5743
3700
2508
744
1127
3371
2845
635
4521
706
3471
3412
5544
3640
4296
4238
3708
3005
4819
3036
4648
3502
2248
776
5255
1608
5487
3971
5385
846
3853
3235
2230
5437
4273
1111
39
4478
758
3652
3067
4074
3329
1574
385
1862
2968
3620
2562
99
6
2064
1434
1043
3481
2358
5561
2435
3489
3972
1387
162
1146
5564
346
4636
5928
2374
4177
4733
1275
4857
4487
362
5377
5279
1269
2915
1151
3319
1161
1601
2465
2277
113
5031
1114
3614
2781
5929
1202
4703
2527
5040
1240
1577
4793
1068
5869
1060
3883
4669
1440
1836
886
5067
3873
52
415
5658
4509
499
5522
4693
5510
3121
5071
3242
5367
198
1268
6004
4655
4727
5784
994
5780
4015
5841
1953
5
2407
4316
2902
3801
4278
1754
334
54
3699
4341
1552
2498
2426
3306
5149
584
5724
3168
251
3262
1778
5708
4716
2310
875
5606
2391
3890
5649
5705
912
2118
4295
4740
2041
2624
1136
419
2312
2676
5868
5045
811
5454
3322
2188
2380
2077
2992
2011
611
240
1615
2437
4350
701
344
4073
3461
1637
3644
807
3008
1646
533
4257
1555
1867
589
1239
818
1106
2169
5722
1233
192
3393
2836
518
4000
927
264
5593
2025
1139
2085
1034
3480
222
833
5938
2543
4517
5842
1247
4534
5519
4106
1324
327
1
4575
743
158
728
2323
3509
2731
3432
2198
3105
3774
3474
1564
1503
3099
2721
1003
2894
5997
4486
295
5005
3294
1649
3933
4889
5592
5395
2932
60
224
4623
2651
5718
5391
253
1739
1054
5267
2402
5959
5073
800
5217
4213
3113
5927
4334
2046
2361
4988
2641
1587
4251
5827
276
3300
5065
1196
2723
596
2926
3899
1386
1518
4327
3401
1175
4775
5846
2184
5964
4562
3957
319
3021
451
4187
793
4736
2666
3135
4839
4223
872
2140
1535
2767
5060
444
1444
374
3994
5449
2748
5466
1417
5298
4141
4372
2830
582
1058
2827
1343
3950
1969
714
4728
2430
1335
496
2071
164
2702
5716
4844
2369
3567
1970
4156
2222
5285
4836
3370
1915
3710
4619
3662
2327
865
3703
2885
3633
4668
302
957
5019
2150
5670
5198
4965
2294
2499
2736
740
2214
3536
3090
1813
3818
847
223
1511
5431
1541
95
4473
5863
616
159
4495
2569
43
5652
246
459
4205
3145
2912
4687
2740
199
2211
717
5027
4210
5602
2135
4477
1631
1479
732
1693
3675
2442
5236
1772
4289
1375
5756
892
5482
4827
5134
1687
661
5690
2778
1704
3777
4675
2359
2970
600
1155
1363
1666
5960
4974
4826
3208
5342
4928
1088
3691
2851
4886
3214
3646
2945
1954
2776
666
5145
1669
1360
3511
2709
434
3667
3532
130
794
5272
3134
5208
2037
4384
5552
2489
1234
2972
3033
3251
5919
4021
4224
4016
3485
5540
522
303
607
448
710
1108
3415
1180
871
4948
2832
348
1993
991
5956
3032
4249
2825
2418
127
4548
3919
3321
1334
3905
3529
2445
2393
4214
2663
4411
5376
2141
1870
1149
2196
4262
5798
623
3104
2614
650
1904
5840
2289
5699
707
4833
1797
3692
1700
4399
5373
1025
5028
4254
1626
3841
5020
5286
3701
5821
5427
5623
3273
4630
1308
645
4544
4321
3681
2946
3267
5808
5894
4754
5003
5697
1132
1095
3427
1464
4807
4845
5654
3728
157
330
4391
5405
4832
3946
3416
1716
2870
3737
97
2364
1091
1100
5117
3324
2340
3406
5656
2101
4454
5704
3154
5315
1480
5900
4780
3494
2770
2633
774
4246
1016
1732
985
3908
2849
1703
25
5043
2699
3310
1707
5483
3291
44
3349
2129
6007
4155
3257
3372
3845
3298
4300
5583
2074
5942
4011
1519
3196
394
4298
457
3083
1975
5859
3809
5078
3381
4140
3234
4537
2658
1545
2717
1771
3382
1312
955
3515
3216
494
3487
2791
1950
4335
5723
323
4550
5430
1038
5912
3308
753
3823
1131
987
3477
4720
675
5937
4191
2438
5142
4542
5186
2807
4511
4609
5707
4949
4638
1830
2474
5245
2611
3326
3558
4054
3913
4683
2022
5353
2921
1683
1055
2324
2195
2298
3166
3094
4265
1467
3530
3730
3339
2937
4080
2714
2175
1322
5536
2189
4726
98
1510
256
1494
2236
1257
2829
520
2375
585
3179
3493
5985
2283
4715
905
5581
624
5516
5758
580
5022
4618
2334
1579
4905
2800
169
5990
5774
384
716
5301
2940
3061
3466
2167
1916
3340
1230
682
829
1220
950
2225
460
3468
4022
425
3436
4586
3772
5693
643
3002
5783
109
1848
203
1203
1611
5711
225
2696
3796
4581
1059
1307
4076
5643
5287
5294
61
5388
2495
5667
184
697
2311
2792
5308
1869
1840
1682
2191
5936
2559
2439
2341
2573
4282
3634
3782
1028
3091
5232
4512
5399
4937
586
3220
1948
2991
3628
429
268
3497
1168
5362
2138
4070
3172
3368
1850
2130
1365
5462
5551
5400
1302
116
3354
4710
2192
561
1246
5881
539
1404
3254
1040
2689
4101
2973
411
5408
3064
4058
3517
1787
2308
1458
2898
4403
3377
3213
2765
2481
2953
4559
2811
27
369
51
3182
1597
2687
3596
2909
870
1988
5330
1020
5730
5046
124
3174
2409
4684
739
5980
647
2549
3915
902
82
2603
2424
337
5068
4665
510
1013
549
4005
5219
720
2276
629
2668
4127
3565
3100
3425
3788
2875
272
741
2809
5535
4599
1628
2193
1456
5302
3458
1847
990
5954
5283
36
2636
3045
2905
3316
1018
3360
3562
156
5161
5439
261
85
3767
1616
3219
368
5440
1278
5757
3422
1089
383
229
5278
3587
3285
1802
4753
143
5426
3505
5556
3434
5126
1920
4110
4098
1297
2753
373
5015
463
4186
2183
2161
5616
5622
1410
908
4829
4913
945
1619
5324
3328
5055
1004
4624
844
3924
5348
4330
4396
879
2264
5829
484
3082
529
4440
898
2643
1186
933
900
1314
4451
4875
5839
4042
5771
762
2045
3097
189
2111
4597
5261
5436
2316
2529
2758
655
3374
1209
3472
4958
646
3551
2254
1979
2309
5211
351
5944
4856
4206
5218
77
1119
569
12
2988
5233
364
5021
784
2745
3621
4530
248
3847
5789
2147
2834
1972
4311
4033
5135
5953
2434
208
4416
5097
5826
5014
5668
1894
5096
3590
1283
3695
4165
4137
5735
5650
3089
1295
3642
654
4739
2284
4746
4993
4961
3648
5698
485
515
3026
3463
3920
1898
396
3194
1429
2168
2570
4696
915
1599
3831
4637
1129
5713
579
745
4835
4752
5759
4175
4189
560
53
3739
5886
1598
3800
3356
2301
1746
3338
69
3764
3263
3272
3282
4359
3623
4602
2160
501
3882
1566
4549
270
389
5215
3230
5185
4956
255
5205
3249
1015
614
5701
5580
2053
2987
4176
5514
4650
4383
4561
5121
766
4199
3050
1605
5379
2590
49
2703
3178
2476
3600
2491
4319
4047
1571
1705
4587
1075
5389
420
5401
194
1658
2565
4472
4777
1385
2024
2882
2719
4007
2683
3805
5630
4239
1017
3698
1223
1573
2876
946
5738
4651
1446
4459
3981
3429
3985
2179
3355
4464
5987
2267
3312
5200
432
4848
5836
4622
5204
5710
5414
5007
5892
4906
4885
3948
2162
5733
3462
5128
5339
5862
1449
4914
2265
3962
1079
4907
185
3498
5932
5025
3218
5415
5734
3482
3907
1871
3660
4837
5036
1883
617
5140
4082
4027
2665
3333
671
4171
4410
227
490
2872
2186
4490
1029
2269
2616
1823
559
1706
4096
3215
757
1945
5566
3330
2582
5558
1369
3193
1949
1347
81
2965
4639
1745
4556
1264
32
4163
981
1357
3552
4699
2326
4795
1701
1080
5832
5059
5965
2174
1584
5679
4921
2708
1341
1083
1938
1182
5573
3851
41
5246
5207
532
1443
2517
5624
4563
2812
5227
2545
775
1333
1656
58
5494
4686
4823
4912
2648
3673
1178
129
5778
528
2571
3792
5260
4776
3241
5952
4397
1857
3044
5471
2640
609
4939
5641
4995
3902
548
2007
5190
416
4799
1206
4056
1163
33
4305
2367
1990
4625
1905
568
2006
2016
2119
680
4821
3925
5729
5032
3345
1709
307
1140
867

