83
510
640
580
126
393
161
102
231
285
523
129
565
328
133
442
25
128
497
653
320
434
317
86
368
215
354
569
534
614
297
603
187
353
174
283
223
310
344
489
171
131
217
292
90
41
244
235
417
197
92
478
582
636
211
39
343
455
78
418
326
291
280
556
446
642
19
43
375
378
589
501
308
273
498
64
194
42
295
430
175
70
413
440
293
112
169
15
494
251
118
637
450
530
323
155
365
245
658
643
44
152
485
238
622
612
480
243
595
394
471
617
265
504
380
205
458
254
142
415
492
198
109
36
490
651
346
554
5
110
276
27
239
116
159
535
100
229
63
163
321
241
496
509
488
621
479
649
484
472
170
153
593
9
374
362
216
234
625
660
451
350
26
357
290
520
289
12
438
79
379
51
302
626
551
212
301
391
32
20
313
499
503
186
221
37
549
58
592
146
22
560
277
237
311
242
188
652
341
470
376
233
141
646
385
463
127
99
359
40
108
427
120
351
539
261
408
577
456
329
571
52
360
207
138
13
182
395
236
316
604
35
336
348
562
232
61
382
279
331
298
610
661
594
648
521
300
647
8
54
106
135
388
507
656
281
16
370
76
495
377
441
139
502
428
121
439
82
616
228
28
608
263
275
581
319
518
540
218
536
659
437
505
349
59
392
411
527
94
74
303
598
342
609
475
11
447
639
420
73
546
208
459
462
103
164
271
53
532
47
294
173
255
389
476
508
49
151
600
60
400
136
486
590
473
226
372
552
253
305
583
24
387
599
122
55
180
96
514
337
544
444
172
72
104
178
559
567
460
545
66
257
-1
396
526
81
137
156
533
410
513
477
448
631
558
383
574
445
80
465
352
69
398
284
550
75
371
38
522
611
93
85
269
528
192
623
132
390
124
585
345
87
506
130
200
312
613
597
262
363
214
219
147
177
202
259
542
134
425
627
468
635
537
17
449
62
587
160
97
429
324
204
431
482
107
335
23
606
145
366
168
65
662
101
531
493
355
123
258
424
543
84
645
633
578
519
48
568
30
564
252
154
557
33
157
304
401
655
561
184
443
260
57
88
397
327
332
227
220
250
266
541
206
591
433
165
373
195
77
369
191
570
615
150
50
457
111
322
176
516
563
538
333
287
314
2
406
644
347
657
10
416
256
149
46
358
361
339
588
619
278
196
402
91
148
467
158
579
1
525
586
474
384
572
419
426
512
386
491
185
573
412
575
618
190
461
246
45
193
296
230
95
272
409
524
288
453
199
203
181
511
407
605
464
422
641
466
282
29
483
140
607
547
318
225
515
414
381
67
183
119
553
286
7
367
166
249
338
21
432
31
325
247
201
469
71
264
309
143
209
481
56
596
98
364
125
6
404
299
654
210
566
454
500
115
620
14
638
602
162
89
435
307
632
628
179
555
213
267
3
315
68
584
105
601
144
517
167
306
340
268
529
436
405
248
576
356
34
334
421
634
222
4
189
423
630
224
403
624
274
240
650
399
113
18
117
330
114
487
270
452
548
629

