641
696
203
305
830
42
175
238
839
931
597
899
732
147
897
924
1
589
588
600
751
117
624
801
29
513
958
963
220
225
5
520
458
208
13
349
97
53
582
758
476
793
495
24
781
9
394
642
310
605
466
128
376
404
224
406
284
919
934
974
834
296
719
242
144
472
81
791
684
539
309
197
609
166
805
639
444
576
279
882
979
920
743
84
287
368
787
883
54
762
825
859
775
465
923
427
584
740
59
481
44
321
334
75
515
559
692
727
715
239
849
412
286
821
994
186
278
763
250
543
900
776
682
73
176
209
210
638
679
150
535
290
939
937
19
643
155
888
843
200
435
470
324
885
538
338
161
181
501
494
956
698
180
374
317
325
15
867
626
973
880
431
214
876
464
295
370
860
943
945
330
954
386
612
706
477
674
879
760
194
40
182
74
542
20
493
80
354
728
735
371
213
560
602
505
685
590
483
329
343
308
454
569
610
322
916
988
914
212
633
294
72
248
662
806
912
532
124
7
652
591
56
48
60
372
411
337
22
280
747
622
877
140
32
434
930
274
690
667
326
393
82
33
46
856
725
164
842
190
977
3
722
433
772
500
137
964
2
904
533
492
596
704
826
93
255
392
31
207
980
350
932
276
918
122
249
700
577
385
982
517
645
999
767
778
86
585
911
699
174
439
482
39
648
226
739
142
318
167
770
357
607
686
497
291
738
873
580
139
716
442
921
417
663
623
355
646
673
491
96
572
771
689
671
564
948
765
872
94
846
409
373
508
984
381
987
606
263
514
52
272
531
618
946
881
547
163
419
556
955
807
192
159
893
118
711
940
264
6
460
62
95
68
498
975
619
567
786
288
666
858
41
218
237
650
110
902
753
996
757
678
369
401
908
989
710
910
991
71
709
799
942
810
314
400
177
35
837
524
4
360
509
67
28
261
268
681
462
960
129
471
635
160
256
49
523
301
838
353
516
375
558
259
578
438
63
906
813
292
898
420
143
484
205
748
313
172
936
796
428
875
562
397
361
89
795
820
267
952
764
55
356
1000
408
570
647
430
794
304
729
302
922
115
405
615
450
534
755
463
300
971
750
951
822
890
779
233
901
981
232
823
426
522
651
649
236
808
693
664
713
10
965
518
857
812
907
473
198
323
246
315
855
352
488
358
530
423
929
231
416
441
613
579
611
854
811
628
865
106
342
525
452
38
926
568
298
862
153
421
536
831
135
672
886
191
16
391
445
617
742
986
341
818
701
111
399
448
552
549
297
87
474
332
149
275
271
457
319
529
972
683
621
614
803
243
348
403
731
18
265
377
333
364
366
554
486
336
782
34
521
814
848
592
627
387
235
697
178
634
978
496
927
101
769
815
148
219
545
157
636
864
949
-1
92
102
797
656
51
737
730
335
687
985
510
126
557
413
201
17
331
717
363
105
993
969
469
440
211
162
850
598
759
655
995
891
307
644
783
792
79
45
744
630
802
659
869
480
132
346
138
788
389
874
303
414
120
889
705
959
227
992
258
187
718
467
503
269
997
146
478
603
217
402
47
658
234
575
185
340
561
917
950
425
424
506
50
616
168
262
565
251
566
229
712
171
195
479
726
766
312
365
983
550
632
573
240
347
721
196
804
443
809
507
691
449
708
30
390
720
311
277
131
938
967
109
119
915
339
555
835
130
962
273
410
123
863
527
847
64
282
798
871
379
637
230
202
99
228
703
595
415
829
100
151
723
14
941
21
499
675
970
817
88
12
526
677
141
422
475
594
107
289
1001
593
583
199
800
878
571
868
714
78
887
112
266
947
490
351
660
254
828
827
688
544
206
841
247
680
407
933
785
780
905
367
773
169
504
953
816
894
844
91
836
853
702
487
451
913
676
121
774
553
629
125
957
170
26
502
665
65
653
694
432
754
156
244
222
173
8
670
746
925
116
551
245
316
447
362
852
188
909
23
183
145
344
299
620
884
631
707
306
383
790
935
241
66
221
133
57
833
27
446
459
189
468
657
604
840
223
70
382
104
395
734
436
752
158
204
586
345
512
85
98
892
489
293
961
724
668
845
511
455
541
587
625
456
896
58
43
165
563
69
114
789
108
453
77
36
257
903
608
546
640
90
756
260
11
966
968
461
327
669
134
154
519
599
359
437
976
944
784
328
127
485
378
695
83
777
768
76
283
25
184
270
548
851
866
824
103
990
152
320
736
819
870
136
61
661
861
252
654
179
253
537
429
285
215
380
37
418
113
398
528
388
895
216
832
761
749
601
193
928
745
396
574
540
384
998
741
581
733
281

