2477
1713
3031
2944
1631
4313
1422
19
3952
3904
4193
2973
3563
4425
3988
4630
453
3560
4335
4413
214
947
4431
3557
533
924
456
2415
3826
1275
1059
2854
3802
3210
1167
3635
1227
1100
3507
4205
3692
3245
983
3785
1787
78
4099
3190
3241
3899
1115
2505
1477
231
4105
3853
422
3991
23
1513
1677
1894
3071
3974
1296
1829
674
3284
4122
2844
4389
838
2015
2919
2727
3288
1814
3650
2005
364
3935
3406
2328
1287
4521
751
2971
831
263
2911
176
3448
1586
1664
1764
2706
2535
3040
1267
206
780
1245
141
3578
686
3285
2027
3852
2664
1511
310
4154
796
2704
3386
1799
759
2437
3542
1249
1647
1740
900
3181
646
4558
3551
1068
1185
1640
3094
2235
3390
1897
2942
2212
942
1600
3048
3159
1381
3789
620
199
2738
3481
633
1188
1154
565
3718
1864
2988
1987
358
2390
4008
2402
1675
4607
105
2964
1436
1228
3614
3908
1749
3301
1223
883
3696
735
547
513
1085
1934
4333
2330
4118
1958
1338
3844
1093
137
295
2712
3671
4138
4594
4091
3013
250
1253
7
4553
3782
3675
3585
2525
386
3537
1680
3336
4134
1651
630
1352
1139
668
2880
756
1931
2239
2359
2157
3523
2238
1341
853
1912
1753
657
4301
196
705
337
4148
2954
238
2626
313
1844
4563
476
702
4593
1326
1973
116
63
2105
467
3431
2580
3213
2107
3211
523
1818
158
535
4203
3409
650
2868
1226
3258
3898
917
515
970
1616
610
3683
3757
3944
4391
1236
1434
4309
4378
3868
3354
3000
3486
3764
2403
938
1955
3028
1933
1345
107
724
4535
2713
3424
1592
1283
927
1725
2438
766
1302
3229
264
2599
4362
4470
1610
502
2305
850
424
3778
4092
1619
2194
1856
3251
4430
3468
670
125
1144
4449
36
3938
4235
3348
2172
2878
3231
1639
1065
2457
2347
820
1815
2616
4514
3622
218
3467
2158
3070
1090
4016
3305
3610
437
103
2275
4490
3182
345
1218
3484
4069
4481
2621
3847
2740
2293
1383
3795
2177
2213
363
4176
3060
3999
119
3552
1018
3584
2229
2872
582
3163
971
1101
4041
1991
3287
2151
4371
1074
1777
2050
4452
4623
1113
3824
2400
2006
460
802
1986
3866
2791
1150
3973
1486
2609
352
1546
1379
2214
4578
800
3858
154
1438
4330
1146
4477
301
892
701
1384
1841
746
4601
2339
761
2286
1574
3805
1175
775
1492
4040
1081
4243
3965
1415
4369
4178
1756
343
2340
2894
2421
2316
1857
2120
155
3469
1649
893
216
762
3602
2608
3117
3983
3632
1846
2064
4422
229
2149
1109
3050
1007
1439
4290
1448
2020
2394
3883
781
2985
1
2202
4345
1997
1858
1888
3350
2531
3503
3398
3177
2231
607
3810
129
1395
4073
1938
2329
740
4634
1329
1380
750
3755
2719
3325
940
3388
891
2561
3737
2886
1303
140
1463
3647
262
1213
1264
948
336
3936
3611
516
4303
3161
897
1838
663
3248
578
2431
4496
1427
1337
474
4411
637
4000
4627
4372
3922
550
3314
4611
3849
366
676
4547
274
3548
2208
4106
3217
2041
1453
245
1392
3656
362
443
184
3214
4065
3164
658
3582
2197
1440
1500
2650
2133
3516
3781
1301
2750
368
3975
426
462
4357
10
1474
2774
1077
1461
2869
3147
1272
1646
1254
1543
1891
2088
2539
3174
1049
378
3171
2768
4114
540
4259
1045
2987
4322
2192
4181
954
3554
1135
2062
3165
3293
2551
1723
3612
2058
2355
1414
4402
2809
3158
939
1162
3962
290
398
1042
2228
4129
926
1850
144
4108
1468
4155
3970
3310
2410
3020
3035
4457
1892
3597
4351
832
3725
728
1830
3240
2011
1708
3544
4557
2093
3267
2037
3450
2918
1919
2658
723
3723
758
146
4056
2449
3323
712
662
2236
4133
3049
2051
4082
2950
2842
4343
2909
2036
3392
2044
3119
3218
3349
2993
1136
3821
2692
4286
3788
1719
911
4145
1132
1870
2193
2060
3958
3756
3115
375
2278
2620
1002
2720
1976
1411
3198
2787
2433
83
2162
3589
4536
43
618
960
2252
2003
418
3356
4063
246
4544
2295
2426
1364
4329
183
150
70
2654
277
935
242
615
829
4051
508
168
527
180
4242
1645
1772
134
4166
3501
678
3327
4589
4533
3202
2405
1266
2059
1937
1187
745
3033
4117
2432
3620
3274
3678
1632
4151
1702
1324
2174
1119
4248
1457
600
997
590
1131
2034
3189
1566
4123
2955
2999
953
3796
2898
4153
3387
223
3545
1865
81
2711
3114
444
4441
2459
2119
1257
283
2226
4207
3510
2596
2798
3759
1569
725
1062
2820
4251
3373
2475
2436
222
2491
2824
4319
1959
1096
2785
3341
1884
532
3353
2849
3571
4023
1343
1624
2839
2225
2072
1082
3644
3575
992
2879
3364
1916
4388
1424
563
484
3819
4312
228
181
3485
1043
1515
4090
1010
3576
56
1451
852
3458
3978
3437
4495
51
1204
1490
669
2245
1480
1530
1035
3753
3633
3042
1159
365
3473
2989
3280
2016
3081
916
3344
275
2287
519
240
811
2623
789
3154
3932
4214
3833
808
1906
4448
3256
640
4005
92
4294
3525
3605
1581
457
1485
1211
3326
608
2176
339
3744
77
738
2154
3727
287
2510
58
4506
4354
2195
4358
2916
1280
306
3791
3023
4556
1178
2513
3714
1978
469
4198
1140
113
848
2540
3653
3943
3108
1901
2369
4217
4144
3152
3645
3201
2777
2998
1464
749
2611
3659
1759
922
3596
1994
2186
2348
4570
606
4088
3188
3226
2085
1409
340
3024
3116
2097
4267
1208
3175
1044
3454
3694
356
2370
2102
2290
2024
46
1160
3543
1714
1789
2344
4338
4127
3972
529
1066
174
2846
841
2507
1810
45
1151
1413
3917
1667
2630
1340
3205
2737
2529
1869
1308
1038
3155
1323
259
1851
2584
2206
473
2517
1918
1855
4602
4187
1728
575
2200
682
1268
3435
3700
442
3234
2527
3989
3275
1032
4482
3961
1091
876
1780
1152
1671
946
925
3460
943
4052
2960
812
392
3339
3662
4347
3330
256
138
3007
1981
3045
1877
1221
4447
2932
2323
3514
2382
1055
4548
1134
3685
2492
2660
2588
2123
3209
3475
3508
2318
1812
559
2615
3162
3207
4364
1623
15
2915
557
1659
1705
690
4638
8
4038
799
162
4044
2864
1768
16
3642
2068
1141
430
3530
3429
1382
914
3086
1823
679
2968
4562
3062
2948
2885
1741
11
2600
3492
4279
3294
2811
1466
2280
2733
3997
1900
1920
1297
2656
958
448
795
6
1528
114
3057
1571
3599
902
4021
4250
2576
4219
1163
4639
2215
626
4334
2424
1353
2019
2191
3230
1717
2581
2300
1896
3032
717
4519
4113
4036
2048
3261
3064
1848
2153
2910
4624
1072
4274
1217
2130
936
594
3001
2685
3803
776
285
1048
685
4615
34
503
4412
4472
3843
3985
2668
434
577
4542
2128
1489
1633
1627
3655
1923
3297
4344
2638
644
445
381
388
4590
887
4004
1565
1129
1094
2462
3706
965
2755
4493
3664
910
2763
4437
4356
1506
1481
677
2026
69
2021
4093
1348
3598
4350
4480
3928
874
1839
3783
4421
330
4474
804
2311
28
3389
1760
4059
1360
2887
752
217
3477
1181
576
1665
2378
1289
1949
2408
2744
1541
572
3331
1419
3630
2873
714
815
252
3298
74
3471
974
2017
1237
273
969
3639
3654
1274
3418
2788
2928
86
48
3459
2022
2613
3068
4033
1962
2434
1774
1365
2078
809
2504
3760
1953
4183
1300
2338
416
2262
1672
1000
3295
1003
4592
257
2541
1277
2728
692
1425
4353
3368
71
2458
3674
1180
2652
1694
3712
4526
2319
868
3362
1057
492
3562
534
2914
2150
3089
718
2444
399
1013
1502
603
2302
3098
2874
3603
1503
159
4382
869
929
3657
3520
1545
1421
2574
1429
244
877
3059
421
3676
968
236
2118
3249
1397
1670
3270
3417
2127
3825
2730
708
3445
1637
4571
1684
1828
531
1876
2404
3307
3415
1707
1836
394
2144
3748
4287
1834
382
412
4255
1710
4107
1698
755
3311
1905
2629
3836
4284
2169
3986
1950
1097
2349
4599
1985
558
2557
2721
1210
2691
2232
4204
2272
4115
773
3150
1408
4400
1763
1653
2520
3191
3228
2156
4451
1203
4456
3634
1853
4030
1309
4149
2180
1401
3303
661
329
237
94
1587
3728
2983
2862
4024
2665
2877
1944
3203
1699
2399
1555
4157
2368
1105
338
1921
2812
1908
3877
1525
3192
4130
2667
1927
1148
1024
2490
665
441
4473
4314
3822
1123
3763
2705
4010
2279
1613
4359
3480
2396
2922
697
3439
507
2266
564
3841
736
3587
4385
821
2823
1621
1449
4324
4625
3496
1992
3913
4125
3265
2352
931
377
843
3701
2523
1904
3397
963
4188
117
3219
2773
1078
3703
905
2532
539
2374
4541
2446
1293
1578
3956
4201
247
232
778
367
3118
1423
2414
3243
4442
391
3951
3401
3338
1291
419
951
1561
3462
1660
3407
2089
743
2519
3555
1606
1008
2142
3626
1966
3981
2427
2762
108
2889
3443
2297
660
542
471
2614
2183
2333
985
4165
2853
3673
3292
4212
1087
132
2597
1661
1126
1909
2175
4428
4367
224
1371
90
1990
66
2429
3180
2981
334
2771
2739
3752
3379
1720
4047
2726
2813
209
3855
4407
4262
230
2767
402
2945
2778
1773
2766
1932
3018
4439
2921
2135
2980
3751
1116
908
1510
4626
487
4045
4586
4339
3798
3169
1743
1809
2310
3493
3453
2558
1826
560
420
3077
303
1551
4100
2903
2222
1230
2473
2583
35
3641
648
1964
3488
1342
3291
429
1804
1332
543
3719
3125
4112
14
4055
3813
680
3588
4190
777
4415
3534
3698
3860
1242
2953
1895
3942
1788
2084
455
212
1459
2632
2065
3839
614
3259
1522
632
798
4227
1961
3277
2858
806
1495
3595
4177
1517
1612
3106
1198
234
395
1821
1391
1006
548
157
625
3907
3146
342
3966
3652
47
2760
4074
1328
1467
741
3699
834
3359
1711
792
272
3412
4500
3707
4516
647
3830
2655
4226
878
3411
1800
1333
1626
2543
147
2207
4089
3056
3199
2365
3430
915
2524
50
2073
2161
2689
1472
1605
3247
3679
3308
1201
4252
3304
349
3862
2346
3608
3421
1914
3237
4513
2907
1377
483
742
1170
719
4066
2218
4336
315
520
4386
2264
1491
521
380
2926
2724
1430
2833
4109
826
3381
2360
1011
269
4515
1271
3505
1817
2961
4241
3112
4486
2941
475
2435
1998
3067
13
3761
3591
4499
3690
21
2284
3741
235
1060
115
2380
525
2147
2735
1080
2808
2441
2537
350
2198
2241
298
332
2098
1224
1805
280
1403
2137
2049
3141
1798
3449
2748
2979
2549
1122
4432
4610
704
2554
1862
1314
3465
372
4316
2028
2224
2806
3495
1374
580
2256
3290
4275
3396
1873
1346
1388
148
1642
1118
3015
3238
1246
64
4461
2362
3255
1431
635
2598
2092
3963
2387
1192
3993
320
554
920
465
4142
975
4352
3410
4612
2103
1568
1907
2817
1594
3405
1143
2895
2635
1054
3609
4524
2897
3702
3691
4046
2939
360
4013
2830
198
1688
4332
3547
1903
1020
178
347
3122
819
4271
3919
2145
1974
4609
748
1121
179
903
2876
1194
464
1607
3774
3743
61
1589
3142
2923
1553
4434
3509
3713
189
415
4209
1046
2732
4310
4131
1016
1216
991
4266
1716
79
1354
1186
1792
1064
497
3767
4206
2317
1690
1435
2285
4380
3817
485
4135
2388
3896
4053
619
2631
4120
1190
2061
3133
1447
1362
3775
1311
1483
4141
3689
4085
3834
1816
691
2364
2699
4215
4084
3092
4567
3073
4174
904
4376
3252
1149
2069
919
136
1971
3887
2881
2793
2082
2835
1356
4304
3845
675
1229
4503
2417
864
769
440
732
2575
1196
1762
2717
292
1400
289
2701
4633
4409
1737
2775
1617
2079
1050
1331
1547
512
3121
1507
2115
1700
711
302
2506
566
468
906
396
2116
4598
549
2096
341
2489
2757
4236
42
3498
2641
3120
3535
3886
1410
3179
2986
1936
85
3646
3434
987
652
1849
3037
1972
3577
3128
2718
1393
1572
805
4504
4083
3768
3374
2313
1803
556
2043
1770
4328
2946
1195
2770
2163
2463
2639
4298
770
1396
227
165
2356
4170
1366
4551
205
803
2392
1169
3529
2159
3619
3711
2765
634
3333
1536
3867
371
684
4086
3777
1939
2331
2179
3216
3051
2792
2906
2353
239
4126
4527
2117
96
1988
478
4554
2451
861
1634
2039
2430
4346
1736
4278
1133
3939
3716
3370
3651
1558
747
383
3075
2544
359
26
1539
3005
4565
1552
2603
305
3809
1138
3808
4401
2729
1755
495
3382
1718
1294
2745
568
4475
2204
1177
3134
2014
344
1825
3127
1325
972
4102
1033
4158
1079
4450
2499
2882
1676
1290
2568
494
490
1557
4257
4628
1494
1947
2470
1940
1925
504
3518
3253
4254
2498
2723
4277
1945
2695
4202
1265
981
3736
149
2754
3138
2515
859
2303
1250
2956
3220
4320
2553
894
2367
466
1542
2851
1523
3391
1305
999
4265
1550
4012
2299
880
4234
4459
1867
825
3236
3289
3717
2952
3204
1559
3697
3095
2334
2199
1455
2325
4560
3721
2962
3380
1570
721
2653
583
4637
1036
1019
1573
4282
3262
4307
4291
844
787
3351
3279
3395
641
3109
2112
2637
695
1098
2255
326
4478
1193
406
1497
379
2622
4104
3183
4390
2425
1989
1733
3889
2501
1754
3923
55
710
203
506
3815
3369
4366
4491
2304
2265
2094
959
2563
1182
2859
1004
726
4182
1103
486
2670
4230
1538
846
989
596
1184
1681
788
4584
2004
3914
1791
1726
3960
3072
3082
286
823
151
2397
3479
3672
3078
1584
3729
4523
4616
255
1595
1307
2761
3160
4220
3600
1281
4580
1239
2592
-1
60
2640
450
2312
4272
2850
771
2734
2423
1598
4619
1285
4247
491
254
1375
3006
837
3891
3878
842
4605
1363
709
3069
2801
2104
3367
3136
3940
1076
4606
2845
1591
2201
1111
3440
980
152
1611
2165
4185
4561
2861
3276
1744
3947
851
4539
2625
4200
2802
807
3239
537
72
2269
3221
2617
4097
509
2716
1110
1334
1125
3513
1319
2248
3515
4264
104
2008
2714
1706
1745
4471
3129
1471
1721
220
1412
1158
2342
3888
1518
194
716
3621
3332
2992
3680
3135
4218
479
4111
1075
1658
3084
3994
1358
1051
1775
1240
524
3835
1402
627
2375
1202
1147
2294
4221
645
768
858
99
163
2190
2271
97
2556
4270
2935
4025
1493
4636
3573
4094
73
2010
3921
3222
1350
2320
2991
109
2277
886
4146
592
2357
3425
188
4011
4246
3784
4213
3527
2780
2029
949
4048
1232
118
2114
170
2908
2187
3422
2483
4462
2254
2042
585
2875
2376
1629
4137
1982
655
1473
3269
4485
318
865
3818
827
1957
2148
3838
1765
1630
1183
3404
797
1729
3549
4349
3428
3831
739
3910
1758
895
2978
2358
988
3561
2829
518
106
986
1238
3126
4613
638
666
3264
2257
3666
4058
3677
1822
2548
1835
1585
1376
4076
1370
4238
3357
221
1173
1529
2837
438
3660
3832
3197
3773
2211
2976
3320
2747
659
3901
3266
2696
654
1948
3263
3828
930
4261
3432
2181
202
1582
3167
2892
3300
3964
3842
2366
854
111
1769
760
3283
3002
3949
1398
3926
3807
3870
3799
102
1261
425
3754
4311
1980
4512
3969
3925
1604
1073
3090
3195
2796
3055
1231
1859
2708
1222
4186
2784
1682
219
1452
3987
4543
2841
2893
2418
3347
1092
1913
2307
4194
1669
1161
2479
2233
3861
2860
3731
1155
2786
4101
3061
3457
1179
133
1197
1625
3140
32
828
3812
2023
2949
279
192
2838
128
3499
89
4269
1270
1636
4483
1005
3034
3769
1697
1368
4549
2567
2471
2143
782
3872
2361
2139
2077
2372
2495
4222
1975
961
3606
899
3572
4268
405
4517
3080
862
4532
649
266
1641
1596
2298
3848
1580
4245
156
200
3321
1260
3299
428
2474
3546
1752
2743
2168
293
2826
4484
898
872
3739
3101
2315
4469
4467
1526
2628
3464
4394
1207
1560
567
3801
3420
2240
4007
4026
493
2326
2246
2301
2936
1732
2707
977
2678
2759
1576
1767
4528
1063
3564
4494
2666
3376
2905
4231
879
1514
31
312
1369
2282
3091
1785
4161
4454
2413
1157
3054
2066
2659
1199
1969
570
3009
4072
1656
1067
624
604
268
2381
613
1361
2538
4522
1979
2007
1644
3157
889
3176
2468
88
1531
1734
3814
2160
1306
2345
1171
4395
3532
2131
1487
38
4147
1866
2087
667
4342
1893
1330
1902
4492
291
1960
1874
956
3268
772
1622
2322
3408
3021
2371
2276
3937
4184
161
401
2389
3371
3766
3829
1084
2075
2996
1499
123
1219
3014
4027
3800
642
2676
1889
2113
2448
3149
3897
3724
1498
3885
4614
226
2220
884
4489
1460
2111
1405
1922
1137
3682
2178
1041
3008
1390
579
82
3233
3212
1544
3335
1501
2455
3929
3770
3282
4071
3519
3083
3797
1106
1288
2883
2681
1861
2053
1191
2067
1840
3900
3794
4172
671
1731
4337
68
3355
3720
3027
1554
4288
3324
793
3979
1339
22
299
2108
955
2461
4167
1322
1256
3556
4196
4035
913
3227
1601
683
3693
1509
2373
3053
1722
1537
790
3317
2185
555
3977
1577
3882
4453
1484
2972
3107
3419
783
856
1628
3039
1590
4015
4360
4568
664
3038
1842
2033
4064
3476
1824
1156
1831
1583
3170
3491
1683
4538
707
2901
187
130
361
1027
4383
2110
2443
863
1655
3254
4581
2260
2046
2460
3137
656
2865
1890
2533
4006
211
3517
4156
2884
3097
4306
9
3200
1516
1386
1941
651
2124
3131
4618
552
3153
403
1747
3709
998
2828
2772
1730
3345
319
4621
3309
3665
2572
4393
1739
2442
2083
1540
1037
387
1015
3924
763
3296
3779
2587
1456
2819
754
1519
2731
390
1956
1811
2401
1898
2032
1790
689
2
164
3996
389
472
2831
1597
1703
314
601
3732
4531
605
131
528
1117
867
446
3873
964
4588
2746
1663
384
489
2797
713
4370
4603
1695
2683
2604
3416
1248
882
2990
2843
1942
511
3244
602
2395
810
3905
1071
3998
2779
3688
2794
1620
835
3063
29
2182
4392
945
1108
1797
1686
4037
2982
2749
4128
3566
3130
2398
2815
3400
1145
186
2698
185
409
4116
2259
2251
2852
1965
1089
4585
2958
3954
2308
322
3148
2244
3869
1359
3637
2606
2249
4281
2099
143
348
715
2612
4062
1967
376
2047
1475
3193
427
1615
4225
2296
1344
4632
2409
3915
824
3102
1385
2595
3004
4159
3648
3242
2013
1220
2888
3583
1357
2967
3156
3772
1335
2686
1807
860
2902
2917
2000
3776
91
3366
3593
1638
2966
1235
4043
744
1028
4229
2900
1327
966
2035
3586
3967
3185
459
3455
1852
3194
587
4292
2709
4465
2496
4487
2412
1786
2288
1512
2203
4420
1445
208
2725
1304
325
2261
496
4460
2790
4537
2920
2534
12
1727
1910
2486
135
2472
3313
1295
4244
1418
225
4574
2221
2804
500
3931
1189
4463
3840
2959
2521
1924
2122
1417
4096
3894
4348
2669
2407
2642
1034
2834
3976
1751
2559
4191
1031
327
1761
1017
836
609
1746
4162
2904
4163
3426
4327
2140
4579
3538
2054
4597
1996
2230
2216
2106
4325
3859
3816
2466
3594
1946
779
933
1355
3765
1819
3047
101
2821
4573
3747
1128
307
1394
589
3478
3187
593
1496
3385
1868
4435
3750
2662
3916
2647
2242
1588
2070
204
4397
3710
3661
3489
3011
2281
3930
435
2848
3041
2001
1258
2618
27
4381
3857
934
3933
1286
3567
1643
847
52
4631
124
595
530
3780
4373
3984
885
1056
304
2943
3806
4555
1259
328
727
1524
49
370
2899
3378
3172
461
175
271
2984
1926
1750
215
3143
1532
3329
3105
3745
261
4077
404
417
3903
1930
3052
1795
482
2586
3715
4032
169
3444
311
4424
3592
3225
4136
2188
1276
1262
3361
2847
4067
2530
2500
3044
4031
522
1614
2152
3079
1618
1251
1442
167
544
2488
4050
2970
4419
182
1212
3506
3684
2933
561
3722
1917
3918
93
2975
2974
1336
1127
3863
1593
2579
4365
414
3318
3433
937
3452
3880
4296
3955
2138
2651
4171
3628
1929
2324
1995
4211
2995
2321
3990
1102
3526
3668
816
3790
4079
2440
2866
1320
4318
1678
2782
1742
1284
2384
2314
1086
2783
4377
1813
4179
536
4379
4501
2292
1599
1022
875
2337
2493
270
2661
4283
4405
4300
2789
1766
3271
1446
4629
4617
643
3992
3667
2836
2164
4140
2822
80
1878
3613
2547
4034
3377
3363
2912
2994
870
1318
734
3995
2645
1954
4476
4566
3681
3500
2703
351
4173
1025
3553
139
4640
617
17
4164
1802
4436
2891
2870
1977
4001
2012
1176
4635
699
309
4559
694
410
3306
3528
3758
166
2478
3372
3705
2428
3113
3804
458
3046
1026
4297
3631
1404
3
1164
4075
260
3946
2702
3103
4239
2494
2930
3447
4479
4433
3559
1206
2605
2671
2840
282
4305
3762
4518
2383
1476
248
688
2657
510
1875
3017
1243
995
297
3019
722
1567
3337
622
1534
3601
2938
932
890
3695
241
1021
2764
3531
941
2827
1432
4505
2268
3076
3663
2601
2810
3746
2965
1205
3980
2045
3168
1738
2871
950
2516
2422
4507
1968
3708
700
2528
2931
2056
4019
2799
3483
1416
3402
3111
3312
1609
753
2522
2756
4095
2633
993
2550
59
3110
4440
4591
4323
2758
994
253
2867
2751
2591
3184
1847
2289
2173
3623
4552
3742
44
3403
3823
1023
2258
2832
730
1654
316
3494
4054
4119
3982
4458
1244
2890
3735
918
2545
4224
98
3010
2055
3734
636
4295
1801
2674
4550
4546
1562
1399
2643
2247
3856
1779
1535
3461
944
243
4529
2857
4228
210
1058
1252
1880
2663
294
881
1886
791
3627
4022
3472
3446
1095
3451
4572
54
3173
2675
2565
4253
1052
353
2447
1273
3874
2487
2512
2351
3166
369
3945
190
436
4545
1406
2476
1951
3892
3123
1269
1778
397
990
2776
4068
112
2694
1885
2080
2146
1666
57
2469
2209
1061
4396
1564
4002
2253
3043
1935
2002
4326
145
1724
1696
639
2125
2132
3342
2560
2509
1373
4416
2925
3607
2452
1174
4299
1488
687
1349
2270
581
3638
1843
3414
2646
1602
1279
2210
4468
1970
921
2511
1872
3085
1120
1153
2416
3474
3629
3365
1701
2439
3139
517
3278
2803
586
1899
703
4110
729
2924
5
3837
3273
2101
2009
2063
629
1469
480
3504
1310
3536
978
2648
1165
4355
4195
1712
2030
2327
2863
2722
53
3941
1099
628
3178
4387
551
3360
400
2335
193
888
2109
2753
2781
2896
3927
3864
1292
967
2223
1083
3441
323
4488
281
3617
3738
973
3533
3539
3328
2969
3948
3909
3540
4511
546
2171
1112
335
976
2736
2243
2031
3087
127
616
2283
2406
1040
4374
1454
1168
4208
2141
1458
1282
1575
3624
2571
1465
621
4502
4315
4078
1662
276
611
1012
2856
574
2602
2196
3490
545
3558
2679
2634
2963
4280
3316
3846
3524
1735
599
4057
1241
3065
653
2497
2121
4197
857
30
477
4569
3145
2570
1215
1437
2291
76
2677
4
1107
2687
1820
4293
1879
2693
3066
1321
267
3579
4576
1832
3224
984
3749
982
1521
2343
979
2250
2562
896
87
3884
2205
4417
4577
957
731
4530
4263
818
2997
3604
3912
40
3206
3012
385
2502
4143
1255
2624
3649
767
3099
4509
1508
3352
2934
3302
41
2855
1928
2552
681
451
4418
2445
433
4237
2518
488
1372
4406
3640
1783
3003
4361
4404
733
1635
3315
2025
3340
3144
278
2594
4210
2564
1689
1911
1837
1603
2309
1881
3358
541
598
2672
411
3286
1200
1441
3890
3375
631
1674
952
2619
2189
4317
1563
171
1963
822
4510
3851
962
4260
4152
573
122
4009
1793
3827
2649
2913
2100
774
2234
3463
1014
3036
2263
172
2411
3568
2542
4464
4414
195
2977
813
3482
3257
1854
4600
4575
1579
67
3850
2038
3281
4498
213
923
866
1999
4150
207
1069
907
3686
3574
4604
3521
4540
2332
3232
612
3502
2420
3260
673
2136
3906
1114
288
1652
3196
2184
3423
449
2818
1520
1030
126
2086
3550
2627
3541
3208
1715
4080
3733
1478
1796
3487
4497
2227
3957
3100
765
233
3074
1771
571
1709
2385
2947
584
1166
4192
855
3470
996
1983
33
454
4363
354
3246
2464
3618
265
153
2134
553
3881
1883
1648
4042
928
3383
4443
4232
3726
2582
1315
463
4124
840
2769
3953
393
3771
2481
2273
514
2710
4098
2091
2074
100
696
4070
2419
4020
3384
4276
2237
2341
3104
2690
1781
4368
3569
2636
672
3820
2752
39
4175
4331
3511
3025
121
2514
4438
1887
308
569
1443
1450
481
4582
2018
501
4508
4399
2503
1387
1312
1130
2090
1225
3875
4081
4189
324
4341
2071
2526
346
1209
1009
3704
2274
3669
4398
845
2927
4466
3740
3497
4249
3730
4622
4103
849
3950
2566
1806
562
3438
4403
3030
1070
1407
1142
2697
2929
160
597
784
20
3016
3893
2555
4240
4233
2585
2546
3319
413
3911
4587
3616
3096
1172
2467
3456
2940
3920
2610
1367
737
1691
2155
1505
249
3512
2052
1428
1047
801
37
1351
4564
2951
4160
873
2684
1029
2167
4302
3643
1827
4583
3959
3235
1882
2825
2166
2742
1776
3580
4049
1389
3625
95
3615
4132
1299
814
1794
3636
251
2577
4017
2267
2095
4534
2814
75
197
1833
2454
4620
4121
698
4308
4258
4445
3876
3565
3786
296
2363
1673
1479
2578
526
1104
355
2377
4256
357
373
84
4444
1426
4408
173
2081
817
177
4087
4375
1527
142
720
1420
1298
18
1863
2805
3971
2386
839
4039
4168
3811
452
3413
331
2700
447
901
4139
1845
1650
1053
4285
2589
1692
3522
1679
439
3343
2076
317
2715
3399
2607
2480
1608
1915
2170
3088
2456
258
1233
3058
4216
4423
3895
3442
2450
499
3022
1871
4003
4028
1993
4608
3186
2393
2644
2219
3346
3393
4273
1693
3581
1124
764
4596
4321
2350
785
2593
120
4289
4199
1378
201
65
1247
2485
284
1470
3322
110
1657
1482
1001
4029
538
3871
1685
1668
4340
1088
3792
786
2336
2569
3902
3570
3029
830
3436
2379
408
1782
3427
693
2040
3879
4455
588
2391
4061
1952
505
1504
2680
498
2573
1039
2741
300
24
1784
2795
191
4595
62
3934
1462
3215
4427
1704
2536
3658
3854
2816
374
2957
2673
3026
2465
1984
706
1234
871
4410
4446
3223
432
3466
2590
1347
2807
623
4018
2508
4384
1757
2306
2453
591
2354
3334
3124
1316
4169
2800
3093
2937
3272
2126
794
1214
3590
3132
1748
3670
4014
2129
333
3865
3787
4426
3250
4525
1433
1317
3793
833
1808
2484
4180
2688
1444
1943
3968
3151
1556
2057
1860
2217
1687
431
1263
2482
2682
757
1533
423
1313
4429
912
1278
909
3394
4223
470
4060
1549
321
25
407
1548
3687
4520

